 Jacobi Data Set Jacobi64
1
Jacobi64
64
[9, 8, 5, 2, 3, 4, 5, 1, 6, 9, 4, 9, 7, 5, 8, 7, 3, 6, 5, 5, 9, 9, 1, 2, 4, 2, 1, 2, 5, 1, 7, 4, 7, 1, 4, 2, 6, 9, 2, 7, 2, 1, 9, 5, 9, 6, 7, 6, 2, 3, 3, 9, 9, 7, 4, 2, 7, 7, 7, 6, 1, 1, 4, 9]
[1049.0, 5.0, 7.0, 6.0, 4.0, 0.0, 4.0, 5.0, 2.0, 4.0, 2.0, 0.0, 1.0, 8.0, 3.0, 1.0, 0.0, 2.0, 2.0, 7.0, 4.0, 8.0, 8.0, 2.0, 6.0, 1.0, 5.0, 2.0, 1.0, 3.0, 6.0, 1.0, 2.0, 4.0, 4.0, 6.0, 5.0, 8.0, 7.0, 1.0, 0.0, 5.0, 7.0, 1.0, 0.0, 6.0, 5.0, 6.0, 4.0, 0.0, 7.0, 3.0, 8.0, 5.0, 4.0, 2.0, 5.0, 2.0, 2.0, 0.0, 6.0, 1.0, 2.0, 6.0, 10629.0, 0.0, 0.0]
[2.0, 1007.0, 4.0, 3.0, 2.0, 1.0, 0.0, 5.0, 0.0, 4.0, 7.0, 2.0, 4.0, 3.0, 3.0, 7.0, 7.0, 1.0, 4.0, 6.0, 7.0, 8.0, 6.0, 2.0, 4.0, 0.0, 5.0, 7.0, 7.0, 5.0, 5.0, 4.0, 0.0, 1.0, 3.0, 1.0, 7.0, 0.0, 4.0, 5.0, 4.0, 5.0, 2.0, 2.0, 4.0, 8.0, 6.0, 8.0, 8.0, 5.0, 8.0, 1.0, 6.0, 0.0, 0.0, 2.0, 4.0, 2.0, 7.0, 3.0, 3.0, 8.0, 5.0, 6.0, 9292.0, 0.0, 0.0]
[5.0, 0.0, 821.0, 5.0, 4.0, 8.0, 0.0, 6.0, 7.0, 3.0, 3.0, 4.0, 8.0, 0.0, 3.0, 5.0, 6.0, 4.0, 1.0, 3.0, 8.0, 1.0, 0.0, 5.0, 4.0, 3.0, 1.0, 3.0, 1.0, 3.0, 5.0, 3.0, 8.0, 0.0, 5.0, 5.0, 3.0, 2.0, 3.0, 1.0, 2.0, 6.0, 6.0, 8.0, 7.0, 8.0, 5.0, 3.0, 3.0, 2.0, 3.0, 3.0, 2.0, 7.0, 0.0, 6.0, 6.0, 1.0, 6.0, 1.0, 2.0, 8.0, 8.0, 4.0, 5384.0, 0.0, 0.0]
[0.0, 8.0, 2.0, 967.0, 8.0, 1.0, 1.0, 8.0, 3.0, 0.0, 0.0, 6.0, 4.0, 2.0, 6.0, 8.0, 1.0, 7.0, 3.0, 2.0, 1.0, 7.0, 3.0, 7.0, 4.0, 8.0, 0.0, 7.0, 1.0, 3.0, 7.0, 7.0, 4.0, 2.0, 0.0, 0.0, 1.0, 5.0, 4.0, 7.0, 1.0, 0.0, 0.0, 6.0, 1.0, 2.0, 5.0, 5.0, 4.0, 8.0, 7.0, 0.0, 5.0, 0.0, 0.0, 1.0, 4.0, 8.0, 0.0, 4.0, 2.0, 5.0, 6.0, 5.0, 3093.0, 0.0, 0.0]
[6.0, 3.0, 3.0, 4.0, 803.0, 6.0, 6.0, 3.0, 4.0, 4.0, 8.0, 7.0, 8.0, 7.0, 8.0, 6.0, 0.0, 7.0, 6.0, 2.0, 6.0, 6.0, 8.0, 3.0, 8.0, 0.0, 8.0, 7.0, 4.0, 8.0, 8.0, 7.0, 4.0, 3.0, 4.0, 7.0, 1.0, 8.0, 7.0, 2.0, 8.0, 3.0, 8.0, 8.0, 4.0, 7.0, 8.0, 2.0, 5.0, 3.0, 8.0, 5.0, 6.0, 7.0, 2.0, 7.0, 2.0, 3.0, 7.0, 4.0, 1.0, 8.0, 1.0, 4.0, 4103.0, 0.0, 0.0]
[6.0, 5.0, 3.0, 8.0, 1.0, 840.0, 2.0, 7.0, 2.0, 6.0, 5.0, 7.0, 6.0, 6.0, 5.0, 5.0, 8.0, 6.0, 6.0, 2.0, 4.0, 6.0, 1.0, 3.0, 7.0, 0.0, 7.0, 8.0, 2.0, 7.0, 0.0, 3.0, 2.0, 8.0, 6.0, 2.0, 2.0, 2.0, 7.0, 7.0, 4.0, 1.0, 2.0, 2.0, 5.0, 0.0, 8.0, 0.0, 4.0, 1.0, 4.0, 7.0, 2.0, 0.0, 4.0, 0.0, 1.0, 3.0, 0.0, 5.0, 0.0, 0.0, 0.0, 4.0, 4573.0, 0.0, 0.0]
[0.0, 2.0, 7.0, 7.0, 2.0, 2.0, 1258.0, 6.0, 5.0, 6.0, 1.0, 8.0, 4.0, 5.0, 6.0, 1.0, 1.0, 7.0, 7.0, 0.0, 7.0, 3.0, 0.0, 3.0, 1.0, 5.0, 3.0, 5.0, 1.0, 2.0, 3.0, 8.0, 1.0, 4.0, 5.0, 1.0, 5.0, 4.0, 2.0, 0.0, 8.0, 4.0, 4.0, 0.0, 6.0, 4.0, 6.0, 6.0, 0.0, 5.0, 4.0, 4.0, 1.0, 5.0, 3.0, 5.0, 3.0, 2.0, 1.0, 3.0, 1.0, 5.0, 4.0, 8.0, 7504.0, 0.0, 0.0]
[6.0, 1.0, 5.0, 6.0, 5.0, 2.0, 1.0, 770.0, 3.0, 8.0, 6.0, 0.0, 7.0, 5.0, 7.0, 4.0, 1.0, 3.0, 5.0, 1.0, 3.0, 3.0, 4.0, 5.0, 3.0, 4.0, 1.0, 8.0, 4.0, 0.0, 6.0, 7.0, 4.0, 2.0, 0.0, 7.0, 4.0, 2.0, 6.0, 1.0, 5.0, 8.0, 1.0, 7.0, 0.0, 6.0, 1.0, 1.0, 1.0, 5.0, 5.0, 7.0, 3.0, 6.0, 0.0, 7.0, 7.0, 3.0, 7.0, 3.0, 5.0, 7.0, 5.0, 6.0, 2032.0, 0.0, 0.0]
[6.0, 6.0, 2.0, 5.0, 4.0, 0.0, 5.0, 6.0, 684.0, 3.0, 6.0, 4.0, 1.0, 7.0, 6.0, 0.0, 8.0, 8.0, 5.0, 5.0, 5.0, 2.0, 4.0, 4.0, 4.0, 8.0, 6.0, 2.0, 4.0, 8.0, 5.0, 6.0, 0.0, 2.0, 4.0, 6.0, 6.0, 5.0, 1.0, 2.0, 8.0, 7.0, 4.0, 1.0, 7.0, 3.0, 5.0, 0.0, 8.0, 5.0, 7.0, 1.0, 7.0, 4.0, 6.0, 3.0, 4.0, 3.0, 7.0, 7.0, 6.0, 0.0, 3.0, 2.0, 5437.0, 0.0, 0.0]
[6.0, 3.0, 7.0, 2.0, 4.0, 2.0, 7.0, 4.0, 5.0, 1228.0, 3.0, 2.0, 5.0, 6.0, 2.0, 4.0, 3.0, 1.0, 0.0, 8.0, 1.0, 1.0, 8.0, 5.0, 7.0, 0.0, 3.0, 5.0, 5.0, 7.0, 6.0, 8.0, 1.0, 6.0, 4.0, 3.0, 7.0, 7.0, 7.0, 6.0, 2.0, 0.0, 1.0, 5.0, 6.0, 0.0, 8.0, 4.0, 4.0, 3.0, 6.0, 8.0, 1.0, 1.0, 4.0, 2.0, 6.0, 1.0, 3.0, 8.0, 6.0, 6.0, 5.0, 8.0, 12368.0, 0.0, 0.0]
[4.0, 2.0, 0.0, 3.0, 1.0, 1.0, 6.0, 4.0, 7.0, 3.0, 970.0, 2.0, 7.0, 2.0, 3.0, 8.0, 6.0, 1.0, 2.0, 1.0, 1.0, 3.0, 4.0, 5.0, 2.0, 5.0, 3.0, 3.0, 1.0, 8.0, 5.0, 7.0, 6.0, 8.0, 4.0, 3.0, 0.0, 2.0, 8.0, 1.0, 0.0, 0.0, 2.0, 5.0, 5.0, 8.0, 0.0, 0.0, 4.0, 1.0, 2.0, 6.0, 3.0, 7.0, 7.0, 7.0, 0.0, 0.0, 5.0, 4.0, 5.0, 0.0, 3.0, 5.0, 4956.0, 0.0, 0.0]
[4.0, 4.0, 3.0, 1.0, 8.0, 4.0, 3.0, 5.0, 7.0, 5.0, 6.0, 1069.0, 0.0, 6.0, 7.0, 2.0, 5.0, 6.0, 7.0, 0.0, 0.0, 2.0, 7.0, 3.0, 5.0, 5.0, 0.0, 2.0, 0.0, 6.0, 0.0, 3.0, 3.0, 0.0, 0.0, 0.0, 8.0, 7.0, 3.0, 7.0, 0.0, 2.0, 2.0, 8.0, 2.0, 7.0, 7.0, 7.0, 2.0, 5.0, 2.0, 5.0, 3.0, 5.0, 4.0, 3.0, 6.0, 5.0, 4.0, 8.0, 2.0, 8.0, 2.0, 5.0, 10914.0, 0.0, 0.0]
[3.0, 4.0, 7.0, 3.0, 8.0, 1.0, 6.0, 0.0, 6.0, 3.0, 1.0, 5.0, 1190.0, 8.0, 5.0, 1.0, 8.0, 2.0, 8.0, 6.0, 6.0, 5.0, 1.0, 2.0, 0.0, 4.0, 3.0, 0.0, 3.0, 1.0, 6.0, 6.0, 7.0, 3.0, 2.0, 2.0, 4.0, 1.0, 6.0, 7.0, 3.0, 8.0, 8.0, 1.0, 7.0, 6.0, 3.0, 6.0, 3.0, 1.0, 5.0, 5.0, 8.0, 1.0, 4.0, 1.0, 8.0, 4.0, 0.0, 5.0, 2.0, 0.0, 4.0, 1.0, 9702.0, 0.0, 0.0]
[1.0, 6.0, 6.0, 3.0, 8.0, 7.0, 7.0, 6.0, 1.0, 1.0, 3.0, 5.0, 4.0, 1157.0, 4.0, 4.0, 8.0, 0.0, 4.0, 8.0, 4.0, 8.0, 2.0, 1.0, 7.0, 8.0, 0.0, 2.0, 8.0, 0.0, 5.0, 8.0, 2.0, 0.0, 7.0, 5.0, 1.0, 1.0, 2.0, 5.0, 4.0, 3.0, 5.0, 7.0, 3.0, 8.0, 5.0, 2.0, 5.0, 1.0, 0.0, 7.0, 2.0, 0.0, 6.0, 5.0, 0.0, 4.0, 0.0, 3.0, 2.0, 1.0, 4.0, 0.0, 6994.0, 0.0, 0.0]
[3.0, 7.0, 7.0, 4.0, 2.0, 3.0, 4.0, 1.0, 0.0, 5.0, 6.0, 6.0, 3.0, 1.0, 774.0, 7.0, 8.0, 2.0, 0.0, 0.0, 4.0, 4.0, 1.0, 1.0, 7.0, 8.0, 4.0, 4.0, 6.0, 6.0, 6.0, 3.0, 5.0, 6.0, 3.0, 1.0, 3.0, 6.0, 8.0, 2.0, 3.0, 5.0, 2.0, 3.0, 5.0, 5.0, 3.0, 3.0, 1.0, 2.0, 4.0, 1.0, 6.0, 1.0, 0.0, 7.0, 2.0, 2.0, 3.0, 8.0, 4.0, 6.0, 1.0, 5.0, 7387.0, 0.0, 0.0]
[1.0, 8.0, 2.0, 0.0, 2.0, 2.0, 3.0, 4.0, 7.0, 6.0, 8.0, 1.0, 6.0, 4.0, 7.0, 1116.0, 5.0, 7.0, 0.0, 8.0, 2.0, 6.0, 4.0, 5.0, 7.0, 1.0, 4.0, 1.0, 3.0, 8.0, 4.0, 1.0, 2.0, 0.0, 8.0, 6.0, 0.0, 2.0, 8.0, 4.0, 2.0, 6.0, 8.0, 5.0, 0.0, 2.0, 0.0, 6.0, 1.0, 0.0, 0.0, 7.0, 6.0, 3.0, 5.0, 2.0, 1.0, 7.0, 3.0, 8.0, 3.0, 7.0, 6.0, 4.0, 9091.0, 0.0, 0.0]
[8.0, 4.0, 8.0, 1.0, 1.0, 4.0, 8.0, 5.0, 8.0, 1.0, 3.0, 3.0, 2.0, 6.0, 4.0, 4.0, 679.0, 8.0, 6.0, 1.0, 2.0, 2.0, 6.0, 3.0, 2.0, 2.0, 0.0, 6.0, 6.0, 2.0, 1.0, 6.0, 6.0, 2.0, 6.0, 4.0, 0.0, 7.0, 5.0, 3.0, 3.0, 6.0, 4.0, 1.0, 0.0, 2.0, 7.0, 8.0, 3.0, 6.0, 8.0, 4.0, 8.0, 2.0, 2.0, 4.0, 2.0, 2.0, 5.0, 7.0, 3.0, 7.0, 5.0, 7.0, 3381.0, 0.0, 0.0]
[8.0, 5.0, 6.0, 3.0, 7.0, 2.0, 1.0, 2.0, 8.0, 6.0, 2.0, 1.0, 1.0, 0.0, 3.0, 3.0, 0.0, 978.0, 0.0, 1.0, 2.0, 6.0, 7.0, 4.0, 6.0, 6.0, 5.0, 2.0, 7.0, 8.0, 3.0, 5.0, 5.0, 8.0, 6.0, 8.0, 1.0, 6.0, 0.0, 8.0, 6.0, 0.0, 8.0, 8.0, 8.0, 2.0, 0.0, 3.0, 3.0, 0.0, 4.0, 6.0, 6.0, 1.0, 0.0, 4.0, 2.0, 7.0, 1.0, 8.0, 0.0, 6.0, 6.0, 1.0, 7167.0, 0.0, 0.0]
[7.0, 1.0, 6.0, 3.0, 4.0, 2.0, 3.0, 0.0, 5.0, 7.0, 3.0, 1.0, 2.0, 0.0, 0.0, 3.0, 7.0, 1.0, 949.0, 4.0, 8.0, 6.0, 5.0, 3.0, 4.0, 5.0, 8.0, 2.0, 7.0, 2.0, 4.0, 4.0, 6.0, 0.0, 4.0, 3.0, 4.0, 1.0, 8.0, 6.0, 7.0, 5.0, 5.0, 2.0, 4.0, 7.0, 0.0, 5.0, 5.0, 8.0, 1.0, 1.0, 6.0, 0.0, 6.0, 5.0, 6.0, 0.0, 4.0, 2.0, 6.0, 7.0, 3.0, 8.0, 5989.0, 0.0, 0.0]
[6.0, 1.0, 1.0, 6.0, 7.0, 0.0, 2.0, 4.0, 0.0, 0.0, 2.0, 1.0, 7.0, 2.0, 3.0, 0.0, 6.0, 4.0, 3.0, 730.0, 4.0, 1.0, 4.0, 8.0, 7.0, 5.0, 4.0, 8.0, 4.0, 3.0, 5.0, 0.0, 2.0, 0.0, 6.0, 8.0, 8.0, 7.0, 2.0, 0.0, 1.0, 8.0, 0.0, 6.0, 0.0, 0.0, 1.0, 6.0, 1.0, 4.0, 0.0, 0.0, 1.0, 8.0, 2.0, 7.0, 0.0, 7.0, 6.0, 2.0, 4.0, 6.0, 4.0, 2.0, 4602.0, 0.0, 0.0]
[1.0, 6.0, 3.0, 4.0, 5.0, 3.0, 4.0, 7.0, 8.0, 5.0, 0.0, 0.0, 5.0, 0.0, 6.0, 6.0, 1.0, 8.0, 2.0, 6.0, 891.0, 5.0, 8.0, 4.0, 4.0, 0.0, 7.0, 7.0, 2.0, 4.0, 1.0, 8.0, 4.0, 1.0, 0.0, 1.0, 7.0, 2.0, 2.0, 6.0, 1.0, 5.0, 3.0, 4.0, 8.0, 4.0, 8.0, 6.0, 5.0, 5.0, 4.0, 3.0, 8.0, 2.0, 1.0, 3.0, 0.0, 8.0, 7.0, 0.0, 4.0, 4.0, 4.0, 3.0, 9308.0, 0.0, 0.0]
[2.0, 0.0, 4.0, 3.0, 0.0, 2.0, 6.0, 7.0, 0.0, 4.0, 4.0, 8.0, 6.0, 3.0, 3.0, 1.0, 2.0, 0.0, 6.0, 8.0, 1.0, 653.0, 0.0, 1.0, 4.0, 1.0, 5.0, 3.0, 2.0, 5.0, 5.0, 7.0, 4.0, 8.0, 7.0, 7.0, 7.0, 4.0, 8.0, 2.0, 4.0, 4.0, 6.0, 0.0, 6.0, 6.0, 1.0, 8.0, 3.0, 5.0, 5.0, 0.0, 5.0, 8.0, 2.0, 2.0, 8.0, 0.0, 2.0, 8.0, 1.0, 4.0, 7.0, 2.0, 7087.0, 0.0, 0.0]
[7.0, 0.0, 7.0, 2.0, 2.0, 4.0, 3.0, 4.0, 5.0, 6.0, 4.0, 3.0, 8.0, 1.0, 6.0, 0.0, 8.0, 3.0, 0.0, 8.0, 3.0, 3.0, 1211.0, 2.0, 4.0, 6.0, 5.0, 6.0, 6.0, 5.0, 1.0, 5.0, 2.0, 2.0, 4.0, 8.0, 0.0, 3.0, 8.0, 0.0, 1.0, 2.0, 4.0, 7.0, 8.0, 8.0, 6.0, 0.0, 0.0, 4.0, 1.0, 0.0, 8.0, 3.0, 0.0, 8.0, 0.0, 8.0, 2.0, 1.0, 8.0, 2.0, 8.0, 4.0, 2443.0, 0.0, 0.0]
[3.0, 4.0, 6.0, 7.0, 4.0, 2.0, 4.0, 1.0, 2.0, 4.0, 3.0, 0.0, 2.0, 5.0, 7.0, 1.0, 7.0, 5.0, 4.0, 6.0, 7.0, 6.0, 8.0, 864.0, 4.0, 1.0, 7.0, 2.0, 3.0, 7.0, 0.0, 4.0, 3.0, 5.0, 7.0, 8.0, 8.0, 0.0, 6.0, 6.0, 6.0, 3.0, 7.0, 2.0, 6.0, 1.0, 1.0, 0.0, 8.0, 1.0, 0.0, 2.0, 2.0, 6.0, 0.0, 2.0, 1.0, 7.0, 3.0, 2.0, 1.0, 3.0, 0.0, 1.0, 2857.0, 0.0, 0.0]
[1.0, 6.0, 0.0, 8.0, 2.0, 3.0, 6.0, 5.0, 0.0, 5.0, 1.0, 7.0, 1.0, 3.0, 3.0, 0.0, 7.0, 7.0, 0.0, 3.0, 6.0, 4.0, 0.0, 8.0, 978.0, 4.0, 5.0, 8.0, 7.0, 8.0, 1.0, 5.0, 4.0, 7.0, 1.0, 4.0, 0.0, 7.0, 2.0, 4.0, 0.0, 5.0, 1.0, 2.0, 6.0, 2.0, 2.0, 0.0, 1.0, 7.0, 0.0, 7.0, 0.0, 2.0, 6.0, 7.0, 0.0, 7.0, 3.0, 6.0, 6.0, 5.0, 8.0, 3.0, 5039.0, 0.0, 0.0]
[6.0, 0.0, 6.0, 1.0, 2.0, 8.0, 4.0, 6.0, 5.0, 5.0, 2.0, 4.0, 5.0, 1.0, 6.0, 2.0, 8.0, 3.0, 1.0, 2.0, 3.0, 2.0, 8.0, 5.0, 0.0, 862.0, 5.0, 1.0, 1.0, 5.0, 7.0, 7.0, 7.0, 7.0, 1.0, 2.0, 8.0, 5.0, 6.0, 3.0, 0.0, 6.0, 2.0, 5.0, 2.0, 2.0, 5.0, 0.0, 7.0, 7.0, 8.0, 4.0, 4.0, 3.0, 2.0, 5.0, 8.0, 5.0, 0.0, 2.0, 1.0, 5.0, 6.0, 5.0, 2961.0, 0.0, 0.0]
[3.0, 5.0, 5.0, 4.0, 1.0, 1.0, 1.0, 5.0, 5.0, 3.0, 7.0, 6.0, 5.0, 0.0, 4.0, 0.0, 1.0, 2.0, 5.0, 3.0, 2.0, 1.0, 0.0, 8.0, 4.0, 8.0, 837.0, 2.0, 3.0, 0.0, 4.0, 1.0, 0.0, 0.0, 0.0, 3.0, 5.0, 0.0, 5.0, 5.0, 3.0, 7.0, 1.0, 6.0, 3.0, 0.0, 6.0, 6.0, 8.0, 5.0, 4.0, 8.0, 7.0, 8.0, 4.0, 8.0, 2.0, 2.0, 4.0, 3.0, 6.0, 4.0, 1.0, 5.0, 1978.0, 0.0, 0.0]
[3.0, 0.0, 3.0, 1.0, 6.0, 6.0, 1.0, 7.0, 2.0, 3.0, 2.0, 5.0, 0.0, 3.0, 1.0, 3.0, 3.0, 4.0, 2.0, 3.0, 2.0, 5.0, 5.0, 6.0, 0.0, 2.0, 2.0, 1138.0, 8.0, 8.0, 0.0, 4.0, 0.0, 0.0, 3.0, 7.0, 6.0, 8.0, 2.0, 3.0, 6.0, 2.0, 2.0, 5.0, 0.0, 7.0, 5.0, 8.0, 8.0, 2.0, 4.0, 1.0, 4.0, 3.0, 2.0, 5.0, 6.0, 8.0, 3.0, 3.0, 8.0, 2.0, 7.0, 0.0, 3352.0, 0.0, 0.0]
[7.0, 2.0, 5.0, 0.0, 5.0, 2.0, 6.0, 5.0, 3.0, 1.0, 6.0, 6.0, 5.0, 3.0, 8.0, 1.0, 4.0, 5.0, 4.0, 8.0, 7.0, 3.0, 0.0, 8.0, 6.0, 6.0, 4.0, 4.0, 1178.0, 6.0, 4.0, 4.0, 1.0, 7.0, 7.0, 6.0, 8.0, 7.0, 2.0, 2.0, 5.0, 7.0, 3.0, 2.0, 2.0, 8.0, 5.0, 1.0, 4.0, 4.0, 8.0, 5.0, 1.0, 5.0, 2.0, 7.0, 1.0, 3.0, 3.0, 5.0, 1.0, 8.0, 4.0, 5.0, 7232.0, 0.0, 0.0]
[4.0, 5.0, 8.0, 8.0, 5.0, 6.0, 5.0, 0.0, 2.0, 3.0, 2.0, 4.0, 7.0, 5.0, 3.0, 0.0, 2.0, 6.0, 5.0, 0.0, 7.0, 0.0, 3.0, 7.0, 5.0, 4.0, 7.0, 3.0, 0.0, 923.0, 8.0, 7.0, 8.0, 8.0, 6.0, 4.0, 8.0, 1.0, 5.0, 6.0, 4.0, 4.0, 6.0, 1.0, 1.0, 8.0, 3.0, 2.0, 7.0, 3.0, 5.0, 5.0, 4.0, 3.0, 7.0, 6.0, 4.0, 4.0, 0.0, 3.0, 8.0, 1.0, 8.0, 2.0, 2251.0, 0.0, 0.0]
[5.0, 4.0, 2.0, 0.0, 3.0, 6.0, 3.0, 5.0, 7.0, 0.0, 7.0, 7.0, 1.0, 6.0, 8.0, 8.0, 1.0, 7.0, 7.0, 0.0, 0.0, 1.0, 1.0, 6.0, 5.0, 6.0, 4.0, 6.0, 0.0, 2.0, 1008.0, 0.0, 6.0, 0.0, 4.0, 0.0, 6.0, 5.0, 6.0, 4.0, 5.0, 3.0, 2.0, 2.0, 4.0, 8.0, 4.0, 3.0, 5.0, 8.0, 3.0, 8.0, 7.0, 6.0, 4.0, 3.0, 8.0, 3.0, 1.0, 1.0, 2.0, 8.0, 2.0, 4.0, 8374.0, 0.0, 0.0]
[6.0, 3.0, 4.0, 5.0, 5.0, 5.0, 4.0, 3.0, 7.0, 1.0, 1.0, 8.0, 0.0, 7.0, 3.0, 8.0, 8.0, 8.0, 6.0, 5.0, 5.0, 1.0, 5.0, 8.0, 4.0, 7.0, 3.0, 6.0, 5.0, 4.0, 4.0, 855.0, 6.0, 8.0, 6.0, 5.0, 6.0, 8.0, 7.0, 1.0, 1.0, 5.0, 4.0, 1.0, 1.0, 0.0, 5.0, 7.0, 0.0, 4.0, 5.0, 5.0, 1.0, 1.0, 3.0, 1.0, 3.0, 2.0, 3.0, 7.0, 3.0, 7.0, 1.0, 6.0, 4747.0, 0.0, 0.0]
[5.0, 3.0, 2.0, 6.0, 2.0, 1.0, 4.0, 8.0, 8.0, 0.0, 4.0, 3.0, 5.0, 6.0, 4.0, 4.0, 1.0, 4.0, 8.0, 0.0, 8.0, 6.0, 7.0, 6.0, 6.0, 2.0, 8.0, 3.0, 5.0, 7.0, 3.0, 3.0, 743.0, 3.0, 4.0, 2.0, 3.0, 8.0, 6.0, 0.0, 8.0, 2.0, 6.0, 0.0, 6.0, 4.0, 4.0, 5.0, 8.0, 1.0, 1.0, 0.0, 8.0, 2.0, 5.0, 0.0, 4.0, 0.0, 1.0, 3.0, 8.0, 0.0, 7.0, 8.0, 6487.0, 0.0, 0.0]
[1.0, 8.0, 3.0, 1.0, 8.0, 6.0, 3.0, 1.0, 6.0, 8.0, 6.0, 2.0, 1.0, 4.0, 4.0, 2.0, 4.0, 1.0, 6.0, 7.0, 2.0, 2.0, 1.0, 0.0, 6.0, 8.0, 7.0, 6.0, 6.0, 3.0, 7.0, 8.0, 4.0, 986.0, 2.0, 4.0, 8.0, 4.0, 1.0, 2.0, 5.0, 8.0, 8.0, 7.0, 0.0, 3.0, 4.0, 5.0, 8.0, 5.0, 0.0, 6.0, 3.0, 6.0, 3.0, 7.0, 7.0, 8.0, 4.0, 8.0, 2.0, 7.0, 1.0, 0.0, 2375.0, 0.0, 0.0]
[7.0, 5.0, 6.0, 3.0, 5.0, 3.0, 6.0, 7.0, 0.0, 7.0, 4.0, 0.0, 5.0, 8.0, 6.0, 1.0, 5.0, 3.0, 4.0, 7.0, 4.0, 5.0, 5.0, 5.0, 2.0, 4.0, 3.0, 7.0, 0.0, 6.0, 6.0, 7.0, 4.0, 8.0, 1033.0, 4.0, 3.0, 3.0, 1.0, 0.0, 2.0, 5.0, 1.0, 3.0, 7.0, 8.0, 7.0, 0.0, 1.0, 6.0, 5.0, 8.0, 3.0, 6.0, 0.0, 0.0, 5.0, 3.0, 3.0, 2.0, 5.0, 1.0, 7.0, 5.0, 5465.0, 0.0, 0.0]
[5.0, 5.0, 6.0, 1.0, 3.0, 2.0, 8.0, 0.0, 8.0, 6.0, 2.0, 4.0, 1.0, 6.0, 4.0, 3.0, 5.0, 1.0, 0.0, 8.0, 5.0, 4.0, 6.0, 8.0, 5.0, 8.0, 5.0, 1.0, 0.0, 4.0, 0.0, 5.0, 1.0, 8.0, 4.0, 946.0, 3.0, 6.0, 8.0, 5.0, 5.0, 4.0, 8.0, 5.0, 2.0, 7.0, 1.0, 5.0, 2.0, 2.0, 1.0, 8.0, 7.0, 8.0, 6.0, 8.0, 3.0, 6.0, 4.0, 8.0, 2.0, 0.0, 8.0, 4.0, 3348.0, 0.0, 0.0]
[2.0, 5.0, 0.0, 4.0, 3.0, 0.0, 1.0, 4.0, 2.0, 1.0, 2.0, 6.0, 3.0, 0.0, 6.0, 4.0, 6.0, 3.0, 2.0, 4.0, 7.0, 3.0, 6.0, 2.0, 8.0, 1.0, 0.0, 4.0, 5.0, 7.0, 0.0, 5.0, 4.0, 4.0, 4.0, 5.0, 910.0, 6.0, 5.0, 0.0, 4.0, 0.0, 8.0, 6.0, 0.0, 4.0, 0.0, 2.0, 5.0, 7.0, 4.0, 4.0, 8.0, 4.0, 1.0, 0.0, 0.0, 7.0, 4.0, 0.0, 8.0, 1.0, 3.0, 6.0, 6587.0, 0.0, 0.0]
[8.0, 6.0, 5.0, 6.0, 1.0, 4.0, 2.0, 4.0, 4.0, 8.0, 6.0, 1.0, 5.0, 3.0, 6.0, 8.0, 5.0, 8.0, 2.0, 5.0, 0.0, 6.0, 2.0, 3.0, 4.0, 5.0, 5.0, 8.0, 3.0, 8.0, 2.0, 2.0, 8.0, 0.0, 6.0, 0.0, 8.0, 1045.0, 6.0, 5.0, 2.0, 4.0, 5.0, 3.0, 5.0, 1.0, 0.0, 4.0, 4.0, 4.0, 3.0, 4.0, 7.0, 3.0, 8.0, 0.0, 5.0, 1.0, 0.0, 3.0, 4.0, 4.0, 7.0, 8.0, 10797.0, 0.0, 0.0]
[5.0, 8.0, 3.0, 2.0, 8.0, 2.0, 8.0, 6.0, 0.0, 5.0, 3.0, 1.0, 4.0, 6.0, 0.0, 6.0, 2.0, 6.0, 0.0, 1.0, 3.0, 0.0, 6.0, 7.0, 2.0, 1.0, 2.0, 6.0, 5.0, 2.0, 8.0, 8.0, 6.0, 6.0, 4.0, 0.0, 3.0, 8.0, 751.0, 8.0, 2.0, 0.0, 6.0, 3.0, 8.0, 2.0, 4.0, 4.0, 0.0, 5.0, 6.0, 0.0, 7.0, 7.0, 3.0, 0.0, 8.0, 1.0, 0.0, 8.0, 2.0, 7.0, 0.0, 5.0, 2848.0, 0.0, 0.0]
[0.0, 5.0, 6.0, 1.0, 3.0, 2.0, 0.0, 2.0, 8.0, 6.0, 7.0, 2.0, 0.0, 1.0, 4.0, 6.0, 1.0, 6.0, 2.0, 3.0, 6.0, 1.0, 3.0, 8.0, 3.0, 2.0, 2.0, 8.0, 2.0, 2.0, 4.0, 3.0, 6.0, 7.0, 7.0, 2.0, 6.0, 3.0, 6.0, 706.0, 3.0, 2.0, 7.0, 2.0, 3.0, 5.0, 6.0, 4.0, 7.0, 8.0, 8.0, 6.0, 5.0, 4.0, 3.0, 1.0, 7.0, 6.0, 7.0, 0.0, 5.0, 8.0, 1.0, 0.0, 6212.0, 0.0, 0.0]
[3.0, 4.0, 6.0, 0.0, 4.0, 8.0, 5.0, 7.0, 6.0, 6.0, 1.0, 8.0, 0.0, 6.0, 5.0, 3.0, 1.0, 6.0, 5.0, 5.0, 5.0, 5.0, 3.0, 8.0, 6.0, 8.0, 4.0, 3.0, 5.0, 3.0, 4.0, 0.0, 6.0, 2.0, 1.0, 5.0, 2.0, 6.0, 1.0, 3.0, 1106.0, 8.0, 1.0, 5.0, 1.0, 3.0, 2.0, 2.0, 2.0, 5.0, 6.0, 7.0, 3.0, 1.0, 0.0, 0.0, 7.0, 5.0, 7.0, 2.0, 5.0, 7.0, 0.0, 2.0, 3489.0, 0.0, 0.0]
[3.0, 5.0, 3.0, 7.0, 5.0, 1.0, 5.0, 0.0, 3.0, 6.0, 7.0, 1.0, 4.0, 6.0, 4.0, 6.0, 8.0, 0.0, 0.0, 2.0, 6.0, 3.0, 4.0, 5.0, 2.0, 1.0, 2.0, 4.0, 0.0, 4.0, 4.0, 3.0, 6.0, 8.0, 1.0, 3.0, 5.0, 1.0, 6.0, 5.0, 3.0, 1145.0, 8.0, 3.0, 6.0, 8.0, 1.0, 4.0, 3.0, 7.0, 1.0, 1.0, 5.0, 5.0, 6.0, 6.0, 0.0, 1.0, 0.0, 1.0, 3.0, 3.0, 4.0, 2.0, 2299.0, 0.0, 0.0]
[5.0, 4.0, 7.0, 1.0, 6.0, 8.0, 1.0, 7.0, 4.0, 0.0, 0.0, 7.0, 0.0, 5.0, 0.0, 3.0, 7.0, 4.0, 4.0, 3.0, 0.0, 6.0, 1.0, 7.0, 6.0, 0.0, 8.0, 5.0, 5.0, 0.0, 8.0, 4.0, 2.0, 4.0, 1.0, 4.0, 7.0, 0.0, 1.0, 4.0, 0.0, 3.0, 916.0, 2.0, 5.0, 0.0, 2.0, 2.0, 8.0, 3.0, 2.0, 1.0, 5.0, 3.0, 6.0, 4.0, 3.0, 3.0, 8.0, 7.0, 8.0, 7.0, 7.0, 1.0, 9357.0, 0.0, 0.0]
[4.0, 6.0, 2.0, 0.0, 5.0, 5.0, 4.0, 7.0, 8.0, 7.0, 0.0, 2.0, 1.0, 2.0, 6.0, 7.0, 1.0, 6.0, 7.0, 0.0, 6.0, 2.0, 7.0, 6.0, 7.0, 0.0, 5.0, 8.0, 5.0, 7.0, 8.0, 4.0, 3.0, 2.0, 1.0, 5.0, 5.0, 2.0, 7.0, 2.0, 2.0, 1.0, 8.0, 946.0, 5.0, 4.0, 5.0, 2.0, 7.0, 2.0, 2.0, 6.0, 6.0, 2.0, 7.0, 3.0, 1.0, 8.0, 5.0, 0.0, 6.0, 0.0, 5.0, 8.0, 6131.0, 0.0, 0.0]
[3.0, 5.0, 1.0, 7.0, 7.0, 4.0, 7.0, 2.0, 6.0, 2.0, 0.0, 2.0, 6.0, 6.0, 2.0, 0.0, 4.0, 4.0, 4.0, 3.0, 5.0, 0.0, 5.0, 7.0, 7.0, 1.0, 5.0, 4.0, 1.0, 1.0, 0.0, 1.0, 0.0, 7.0, 2.0, 5.0, 7.0, 3.0, 5.0, 0.0, 2.0, 8.0, 7.0, 6.0, 949.0, 6.0, 2.0, 4.0, 6.0, 7.0, 2.0, 3.0, 0.0, 8.0, 5.0, 6.0, 2.0, 1.0, 7.0, 6.0, 1.0, 0.0, 3.0, 1.0, 9614.0, 0.0, 0.0]
[1.0, 4.0, 1.0, 2.0, 6.0, 2.0, 8.0, 2.0, 5.0, 4.0, 1.0, 1.0, 0.0, 6.0, 5.0, 5.0, 6.0, 4.0, 3.0, 3.0, 5.0, 0.0, 1.0, 1.0, 8.0, 2.0, 6.0, 5.0, 7.0, 5.0, 7.0, 3.0, 7.0, 0.0, 0.0, 7.0, 0.0, 2.0, 3.0, 4.0, 2.0, 2.0, 8.0, 4.0, 7.0, 1227.0, 1.0, 2.0, 4.0, 4.0, 7.0, 7.0, 7.0, 1.0, 0.0, 4.0, 0.0, 3.0, 5.0, 7.0, 0.0, 0.0, 4.0, 5.0, 8573.0, 0.0, 0.0]
[6.0, 7.0, 7.0, 8.0, 3.0, 1.0, 5.0, 7.0, 6.0, 2.0, 8.0, 2.0, 1.0, 4.0, 8.0, 4.0, 3.0, 6.0, 4.0, 1.0, 3.0, 4.0, 5.0, 6.0, 8.0, 2.0, 8.0, 0.0, 5.0, 2.0, 4.0, 4.0, 1.0, 8.0, 7.0, 2.0, 6.0, 7.0, 5.0, 1.0, 0.0, 1.0, 2.0, 1.0, 6.0, 2.0, 803.0, 7.0, 5.0, 0.0, 8.0, 8.0, 8.0, 4.0, 7.0, 2.0, 8.0, 3.0, 4.0, 6.0, 4.0, 6.0, 2.0, 8.0, 7079.0, 0.0, 0.0]
[1.0, 2.0, 2.0, 4.0, 1.0, 6.0, 8.0, 2.0, 7.0, 0.0, 3.0, 8.0, 5.0, 0.0, 4.0, 4.0, 2.0, 3.0, 3.0, 4.0, 0.0, 7.0, 8.0, 6.0, 5.0, 0.0, 8.0, 4.0, 6.0, 1.0, 5.0, 5.0, 7.0, 7.0, 1.0, 5.0, 4.0, 7.0, 4.0, 5.0, 1.0, 0.0, 4.0, 2.0, 3.0, 7.0, 1.0, 925.0, 6.0, 0.0, 0.0, 7.0, 8.0, 0.0, 4.0, 6.0, 3.0, 7.0, 7.0, 6.0, 7.0, 3.0, 1.0, 2.0, 6833.0, 0.0, 0.0]
[1.0, 5.0, 0.0, 6.0, 7.0, 2.0, 8.0, 3.0, 7.0, 1.0, 1.0, 8.0, 7.0, 5.0, 1.0, 6.0, 3.0, 8.0, 2.0, 5.0, 1.0, 4.0, 8.0, 3.0, 0.0, 7.0, 0.0, 8.0, 7.0, 1.0, 1.0, 7.0, 7.0, 8.0, 7.0, 2.0, 1.0, 4.0, 1.0, 3.0, 4.0, 2.0, 2.0, 2.0, 6.0, 8.0, 5.0, 2.0, 1136.0, 5.0, 6.0, 7.0, 0.0, 7.0, 2.0, 1.0, 4.0, 5.0, 8.0, 7.0, 8.0, 1.0, 5.0, 7.0, 3657.0, 0.0, 0.0]
[5.0, 1.0, 8.0, 2.0, 5.0, 7.0, 7.0, 0.0, 0.0, 8.0, 1.0, 7.0, 8.0, 1.0, 2.0, 1.0, 3.0, 8.0, 3.0, 8.0, 7.0, 6.0, 6.0, 4.0, 7.0, 1.0, 0.0, 7.0, 5.0, 7.0, 3.0, 6.0, 0.0, 2.0, 4.0, 3.0, 6.0, 3.0, 2.0, 0.0, 7.0, 4.0, 7.0, 4.0, 3.0, 4.0, 6.0, 4.0, 7.0, 1015.0, 4.0, 0.0, 2.0, 5.0, 5.0, 8.0, 4.0, 0.0, 5.0, 5.0, 8.0, 8.0, 5.0, 7.0, 4423.0, 0.0, 0.0]
[4.0, 4.0, 2.0, 4.0, 3.0, 8.0, 2.0, 6.0, 7.0, 5.0, 6.0, 3.0, 4.0, 2.0, 2.0, 1.0, 5.0, 8.0, 0.0, 0.0, 4.0, 6.0, 1.0, 7.0, 8.0, 6.0, 1.0, 0.0, 2.0, 0.0, 8.0, 1.0, 2.0, 4.0, 0.0, 1.0, 5.0, 0.0, 3.0, 7.0, 6.0, 8.0, 2.0, 2.0, 4.0, 3.0, 5.0, 4.0, 6.0, 1.0, 1211.0, 2.0, 6.0, 5.0, 6.0, 1.0, 3.0, 5.0, 6.0, 8.0, 6.0, 3.0, 2.0, 0.0, 4835.0, 0.0, 0.0]
[0.0, 5.0, 6.0, 0.0, 4.0, 6.0, 5.0, 2.0, 7.0, 2.0, 0.0, 1.0, 3.0, 8.0, 6.0, 2.0, 1.0, 1.0, 1.0, 8.0, 2.0, 5.0, 7.0, 0.0, 7.0, 5.0, 2.0, 6.0, 1.0, 8.0, 4.0, 7.0, 7.0, 8.0, 7.0, 7.0, 7.0, 2.0, 6.0, 5.0, 1.0, 2.0, 3.0, 8.0, 0.0, 4.0, 3.0, 3.0, 1.0, 2.0, 1.0, 674.0, 8.0, 4.0, 8.0, 0.0, 4.0, 7.0, 4.0, 1.0, 6.0, 4.0, 7.0, 8.0, 7340.0, 0.0, 0.0]
[4.0, 6.0, 1.0, 6.0, 0.0, 1.0, 5.0, 6.0, 7.0, 5.0, 0.0, 1.0, 8.0, 8.0, 5.0, 5.0, 4.0, 4.0, 0.0, 4.0, 5.0, 2.0, 0.0, 8.0, 4.0, 7.0, 4.0, 6.0, 2.0, 6.0, 6.0, 7.0, 7.0, 7.0, 6.0, 3.0, 4.0, 0.0, 4.0, 8.0, 4.0, 1.0, 5.0, 3.0, 2.0, 0.0, 5.0, 3.0, 2.0, 5.0, 2.0, 4.0, 767.0, 3.0, 6.0, 5.0, 2.0, 5.0, 0.0, 6.0, 2.0, 2.0, 2.0, 1.0, 8109.0, 0.0, 0.0]
[1.0, 4.0, 8.0, 2.0, 4.0, 8.0, 8.0, 1.0, 7.0, 6.0, 4.0, 6.0, 8.0, 1.0, 0.0, 5.0, 3.0, 2.0, 1.0, 0.0, 7.0, 1.0, 2.0, 3.0, 1.0, 5.0, 4.0, 1.0, 5.0, 3.0, 3.0, 4.0, 3.0, 8.0, 5.0, 5.0, 7.0, 4.0, 8.0, 8.0, 7.0, 7.0, 8.0, 3.0, 6.0, 6.0, 5.0, 8.0, 2.0, 6.0, 0.0, 3.0, 2.0, 822.0, 5.0, 5.0, 2.0, 0.0, 7.0, 8.0, 8.0, 7.0, 7.0, 6.0, 7172.0, 0.0, 0.0]
[4.0, 1.0, 8.0, 0.0, 2.0, 1.0, 5.0, 3.0, 6.0, 0.0, 2.0, 0.0, 5.0, 2.0, 7.0, 7.0, 7.0, 5.0, 6.0, 5.0, 7.0, 5.0, 4.0, 3.0, 4.0, 4.0, 8.0, 3.0, 6.0, 2.0, 2.0, 7.0, 4.0, 6.0, 5.0, 7.0, 6.0, 4.0, 6.0, 8.0, 1.0, 2.0, 2.0, 3.0, 7.0, 5.0, 8.0, 3.0, 1.0, 5.0, 7.0, 5.0, 7.0, 8.0, 858.0, 3.0, 5.0, 1.0, 8.0, 2.0, 5.0, 2.0, 8.0, 4.0, 4889.0, 0.0, 0.0]
[0.0, 8.0, 2.0, 0.0, 4.0, 4.0, 3.0, 3.0, 6.0, 0.0, 0.0, 8.0, 4.0, 2.0, 2.0, 2.0, 7.0, 0.0, 3.0, 2.0, 4.0, 3.0, 1.0, 7.0, 4.0, 5.0, 1.0, 6.0, 6.0, 7.0, 7.0, 3.0, 3.0, 8.0, 3.0, 4.0, 3.0, 7.0, 1.0, 7.0, 0.0, 0.0, 5.0, 0.0, 3.0, 2.0, 0.0, 2.0, 8.0, 5.0, 5.0, 4.0, 7.0, 6.0, 6.0, 928.0, 5.0, 1.0, 5.0, 0.0, 5.0, 4.0, 2.0, 1.0, 3004.0, 0.0, 0.0]
[8.0, 1.0, 6.0, 5.0, 5.0, 5.0, 7.0, 2.0, 6.0, 4.0, 7.0, 8.0, 2.0, 4.0, 6.0, 7.0, 4.0, 5.0, 0.0, 0.0, 0.0, 6.0, 8.0, 5.0, 4.0, 6.0, 4.0, 1.0, 0.0, 6.0, 8.0, 1.0, 5.0, 3.0, 8.0, 5.0, 6.0, 4.0, 3.0, 0.0, 7.0, 0.0, 0.0, 3.0, 4.0, 4.0, 0.0, 6.0, 5.0, 8.0, 2.0, 7.0, 6.0, 2.0, 3.0, 6.0, 851.0, 2.0, 0.0, 2.0, 7.0, 8.0, 1.0, 1.0, 7198.0, 0.0, 0.0]
[5.0, 6.0, 2.0, 4.0, 7.0, 8.0, 3.0, 0.0, 6.0, 2.0, 3.0, 2.0, 2.0, 1.0, 7.0, 1.0, 3.0, 8.0, 5.0, 7.0, 2.0, 4.0, 6.0, 4.0, 8.0, 7.0, 8.0, 1.0, 4.0, 6.0, 1.0, 8.0, 8.0, 5.0, 7.0, 6.0, 5.0, 7.0, 0.0, 2.0, 8.0, 4.0, 7.0, 5.0, 1.0, 8.0, 5.0, 3.0, 7.0, 6.0, 6.0, 2.0, 8.0, 1.0, 6.0, 6.0, 3.0, 1243.0, 0.0, 5.0, 2.0, 4.0, 0.0, 8.0, 10090.0, 0.0, 0.0]
[7.0, 7.0, 3.0, 7.0, 8.0, 8.0, 4.0, 2.0, 5.0, 0.0, 6.0, 1.0, 8.0, 4.0, 7.0, 1.0, 7.0, 4.0, 6.0, 1.0, 1.0, 7.0, 3.0, 6.0, 5.0, 2.0, 2.0, 4.0, 4.0, 3.0, 4.0, 4.0, 5.0, 6.0, 4.0, 4.0, 0.0, 4.0, 4.0, 1.0, 2.0, 6.0, 3.0, 1.0, 4.0, 7.0, 5.0, 7.0, 5.0, 2.0, 4.0, 6.0, 8.0, 1.0, 4.0, 2.0, 8.0, 7.0, 1109.0, 0.0, 0.0, 2.0, 0.0, 4.0, 9096.0, 0.0, 0.0]
[8.0, 3.0, 1.0, 2.0, 5.0, 7.0, 1.0, 1.0, 5.0, 7.0, 0.0, 5.0, 8.0, 7.0, 3.0, 8.0, 2.0, 8.0, 5.0, 2.0, 0.0, 3.0, 7.0, 3.0, 6.0, 8.0, 7.0, 8.0, 3.0, 8.0, 2.0, 3.0, 3.0, 2.0, 7.0, 5.0, 1.0, 2.0, 5.0, 2.0, 0.0, 7.0, 5.0, 7.0, 6.0, 0.0, 6.0, 3.0, 0.0, 4.0, 7.0, 3.0, 3.0, 1.0, 0.0, 8.0, 7.0, 5.0, 6.0, 910.0, 2.0, 3.0, 7.0, 8.0, 6815.0, 0.0, 0.0]
[5.0, 6.0, 2.0, 0.0, 6.0, 1.0, 6.0, 0.0, 1.0, 0.0, 5.0, 5.0, 6.0, 1.0, 2.0, 3.0, 4.0, 7.0, 5.0, 3.0, 0.0, 8.0, 8.0, 7.0, 3.0, 2.0, 4.0, 8.0, 3.0, 8.0, 4.0, 1.0, 7.0, 0.0, 2.0, 0.0, 5.0, 4.0, 8.0, 5.0, 3.0, 3.0, 8.0, 8.0, 7.0, 8.0, 4.0, 1.0, 2.0, 5.0, 6.0, 1.0, 3.0, 6.0, 1.0, 2.0, 6.0, 4.0, 7.0, 5.0, 939.0, 3.0, 6.0, 8.0, 2339.0, 0.0, 0.0]
[3.0, 4.0, 2.0, 7.0, 5.0, 3.0, 0.0, 1.0, 8.0, 3.0, 7.0, 2.0, 2.0, 7.0, 3.0, 3.0, 6.0, 6.0, 0.0, 1.0, 2.0, 2.0, 8.0, 2.0, 6.0, 7.0, 0.0, 4.0, 3.0, 2.0, 3.0, 4.0, 0.0, 8.0, 0.0, 0.0, 3.0, 8.0, 0.0, 3.0, 4.0, 0.0, 5.0, 7.0, 2.0, 6.0, 6.0, 6.0, 2.0, 0.0, 6.0, 5.0, 8.0, 1.0, 0.0, 3.0, 3.0, 6.0, 1.0, 3.0, 6.0, 1083.0, 8.0, 6.0, 2287.0, 0.0, 0.0]
[1.0, 7.0, 7.0, 0.0, 0.0, 3.0, 7.0, 4.0, 2.0, 8.0, 1.0, 6.0, 0.0, 4.0, 8.0, 1.0, 0.0, 0.0, 8.0, 4.0, 8.0, 8.0, 7.0, 3.0, 6.0, 6.0, 7.0, 7.0, 3.0, 6.0, 8.0, 7.0, 6.0, 8.0, 3.0, 1.0, 0.0, 8.0, 1.0, 6.0, 0.0, 5.0, 7.0, 5.0, 0.0, 0.0, 0.0, 7.0, 0.0, 7.0, 5.0, 1.0, 1.0, 5.0, 1.0, 5.0, 2.0, 6.0, 6.0, 8.0, 1.0, 3.0, 899.0, 3.0, 4954.0, 0.0, 0.0]
[3.0, 1.0, 6.0, 5.0, 8.0, 8.0, 0.0, 2.0, 1.0, 1.0, 2.0, 0.0, 4.0, 3.0, 4.0, 5.0, 6.0, 1.0, 5.0, 1.0, 5.0, 0.0, 6.0, 3.0, 6.0, 3.0, 7.0, 4.0, 2.0, 8.0, 1.0, 8.0, 2.0, 4.0, 8.0, 5.0, 4.0, 8.0, 5.0, 8.0, 0.0, 2.0, 4.0, 4.0, 7.0, 4.0, 4.0, 7.0, 2.0, 4.0, 4.0, 3.0, 7.0, 3.0, 0.0, 1.0, 2.0, 5.0, 1.0, 7.0, 1.0, 1.0, 3.0, 890.0, 9179.0, 0.0, 0.0]
