 Jacobi Data Set Jacobi128
1
Jacobi128
128
[2, 9, 6, 4, 3, 4, 5, 5, 5, 1, 4, 8, 5, 7, 3, 7, 1, 1, 8, 3, 8, 1, 8, 7, 9, 5, 1, 5, 6, 9, 6, 8, 5, 6, 9, 2, 8, 5, 1, 8, 5, 2, 3, 7, 9, 5, 9, 6, 8, 5, 9, 3, 9, 4, 6, 8, 4, 5, 3, 2, 8, 3, 6, 7, 5, 5, 8, 9, 6, 7, 4, 6, 4, 9, 6, 5, 6, 4, 3, 1, 8, 6, 3, 4, 8, 3, 7, 8, 5, 9, 8, 3, 7, 5, 7, 2, 7, 2, 8, 1, 1, 6, 6, 1, 5, 1, 8, 7, 7, 9, 4, 8, 4, 9, 4, 9, 7, 8, 9, 5, 5, 3, 6, 5, 1, 4, 5, 7]
[1861.0, 5.0, 2.0, 8.0, 5.0, 3.0, 8.0, 1.0, 7.0, 4.0, 7.0, 6.0, 3.0, 8.0, 0.0, 5.0, 4.0, 4.0, 5.0, 8.0, 4.0, 0.0, 0.0, 0.0, 7.0, 2.0, 6.0, 5.0, 1.0, 3.0, 6.0, 0.0, 3.0, 6.0, 2.0, 0.0, 4.0, 0.0, 7.0, 4.0, 8.0, 4.0, 6.0, 8.0, 5.0, 5.0, 2.0, 2.0, 3.0, 6.0, 1.0, 7.0, 0.0, 5.0, 8.0, 7.0, 7.0, 2.0, 7.0, 7.0, 7.0, 4.0, 2.0, 0.0, 4.0, 6.0, 8.0, 4.0, 0.0, 5.0, 4.0, 2.0, 1.0, 3.0, 2.0, 3.0, 2.0, 8.0, 0.0, 7.0, 5.0, 2.0, 1.0, 8.0, 6.0, 8.0, 3.0, 8.0, 4.0, 1.0, 3.0, 5.0, 6.0, 2.0, 6.0, 7.0, 3.0, 3.0, 6.0, 0.0, 1.0, 2.0, 0.0, 1.0, 6.0, 3.0, 4.0, 5.0, 5.0, 1.0, 2.0, 3.0, 6.0, 5.0, 8.0, 3.0, 2.0, 6.0, 7.0, 8.0, 7.0, 6.0, 5.0, 2.0, 3.0, 3.0, 8.0, 6.0, 6594.0, 0.0, 0.0]
[5.0, 2122.0, 8.0, 8.0, 5.0, 0.0, 7.0, 5.0, 0.0, 2.0, 0.0, 2.0, 6.0, 6.0, 7.0, 8.0, 6.0, 4.0, 5.0, 5.0, 8.0, 2.0, 1.0, 1.0, 4.0, 7.0, 3.0, 8.0, 8.0, 2.0, 0.0, 6.0, 6.0, 2.0, 2.0, 3.0, 1.0, 7.0, 6.0, 6.0, 0.0, 8.0, 4.0, 3.0, 8.0, 7.0, 6.0, 2.0, 4.0, 8.0, 2.0, 7.0, 6.0, 2.0, 0.0, 7.0, 0.0, 4.0, 0.0, 4.0, 4.0, 8.0, 4.0, 7.0, 1.0, 4.0, 2.0, 5.0, 7.0, 2.0, 0.0, 1.0, 6.0, 5.0, 1.0, 2.0, 8.0, 2.0, 2.0, 7.0, 3.0, 7.0, 7.0, 1.0, 8.0, 0.0, 5.0, 4.0, 8.0, 0.0, 2.0, 7.0, 5.0, 6.0, 5.0, 1.0, 2.0, 1.0, 8.0, 1.0, 7.0, 7.0, 0.0, 0.0, 8.0, 4.0, 3.0, 8.0, 4.0, 6.0, 5.0, 8.0, 8.0, 6.0, 8.0, 2.0, 6.0, 0.0, 8.0, 4.0, 1.0, 5.0, 3.0, 6.0, 0.0, 3.0, 6.0, 8.0, 22134.0, 0.0, 0.0]
[1.0, 6.0, 1449.0, 2.0, 7.0, 1.0, 2.0, 6.0, 1.0, 4.0, 7.0, 4.0, 7.0, 2.0, 5.0, 3.0, 6.0, 1.0, 6.0, 3.0, 7.0, 8.0, 6.0, 3.0, 0.0, 3.0, 4.0, 5.0, 5.0, 0.0, 8.0, 0.0, 5.0, 1.0, 2.0, 8.0, 1.0, 1.0, 4.0, 8.0, 5.0, 7.0, 3.0, 6.0, 7.0, 5.0, 1.0, 2.0, 1.0, 8.0, 3.0, 3.0, 8.0, 6.0, 6.0, 8.0, 7.0, 5.0, 1.0, 1.0, 7.0, 3.0, 6.0, 0.0, 5.0, 0.0, 7.0, 5.0, 3.0, 1.0, 8.0, 1.0, 2.0, 0.0, 6.0, 5.0, 8.0, 5.0, 1.0, 0.0, 0.0, 4.0, 1.0, 3.0, 5.0, 0.0, 2.0, 7.0, 4.0, 5.0, 3.0, 3.0, 4.0, 1.0, 8.0, 7.0, 2.0, 8.0, 1.0, 2.0, 5.0, 6.0, 4.0, 3.0, 7.0, 6.0, 0.0, 2.0, 5.0, 5.0, 5.0, 5.0, 8.0, 7.0, 8.0, 6.0, 4.0, 3.0, 5.0, 3.0, 8.0, 7.0, 2.0, 5.0, 5.0, 5.0, 7.0, 3.0, 11534.0, 0.0, 0.0]
[4.0, 5.0, 1.0, 2245.0, 0.0, 8.0, 3.0, 8.0, 8.0, 3.0, 8.0, 3.0, 5.0, 2.0, 4.0, 6.0, 2.0, 6.0, 4.0, 2.0, 4.0, 4.0, 3.0, 7.0, 1.0, 6.0, 4.0, 0.0, 5.0, 3.0, 7.0, 2.0, 6.0, 2.0, 3.0, 7.0, 8.0, 2.0, 5.0, 4.0, 6.0, 8.0, 7.0, 7.0, 7.0, 7.0, 5.0, 8.0, 5.0, 4.0, 8.0, 3.0, 1.0, 7.0, 4.0, 5.0, 4.0, 4.0, 6.0, 6.0, 8.0, 3.0, 4.0, 0.0, 1.0, 5.0, 7.0, 8.0, 0.0, 0.0, 3.0, 0.0, 6.0, 0.0, 4.0, 1.0, 3.0, 2.0, 3.0, 7.0, 4.0, 2.0, 6.0, 0.0, 2.0, 4.0, 1.0, 0.0, 8.0, 4.0, 8.0, 3.0, 7.0, 8.0, 5.0, 5.0, 3.0, 1.0, 5.0, 6.0, 4.0, 0.0, 8.0, 5.0, 3.0, 5.0, 3.0, 4.0, 0.0, 4.0, 3.0, 6.0, 5.0, 4.0, 7.0, 6.0, 1.0, 3.0, 5.0, 4.0, 5.0, 0.0, 2.0, 7.0, 6.0, 0.0, 6.0, 7.0, 11867.0, 0.0, 0.0]
[3.0, 6.0, 3.0, 5.0, 2380.0, 1.0, 1.0, 2.0, 7.0, 3.0, 5.0, 5.0, 4.0, 2.0, 5.0, 3.0, 2.0, 2.0, 2.0, 6.0, 0.0, 0.0, 2.0, 1.0, 2.0, 6.0, 5.0, 4.0, 8.0, 8.0, 3.0, 7.0, 6.0, 0.0, 2.0, 5.0, 1.0, 0.0, 4.0, 3.0, 8.0, 4.0, 1.0, 1.0, 5.0, 5.0, 4.0, 5.0, 4.0, 7.0, 1.0, 8.0, 1.0, 5.0, 3.0, 4.0, 8.0, 5.0, 4.0, 5.0, 8.0, 8.0, 8.0, 6.0, 7.0, 2.0, 2.0, 3.0, 2.0, 0.0, 2.0, 8.0, 1.0, 5.0, 2.0, 1.0, 4.0, 4.0, 7.0, 3.0, 3.0, 3.0, 0.0, 5.0, 1.0, 0.0, 5.0, 3.0, 8.0, 3.0, 1.0, 5.0, 1.0, 8.0, 4.0, 7.0, 0.0, 3.0, 1.0, 8.0, 3.0, 3.0, 4.0, 8.0, 0.0, 7.0, 7.0, 4.0, 5.0, 2.0, 2.0, 0.0, 5.0, 2.0, 8.0, 2.0, 4.0, 1.0, 3.0, 6.0, 7.0, 6.0, 5.0, 5.0, 0.0, 8.0, 6.0, 1.0, 9656.0, 0.0, 0.0]
[0.0, 6.0, 4.0, 7.0, 3.0, 2279.0, 2.0, 4.0, 6.0, 6.0, 6.0, 3.0, 2.0, 5.0, 2.0, 5.0, 4.0, 4.0, 0.0, 3.0, 2.0, 6.0, 7.0, 4.0, 6.0, 3.0, 4.0, 6.0, 2.0, 7.0, 2.0, 8.0, 6.0, 3.0, 6.0, 1.0, 5.0, 3.0, 2.0, 3.0, 3.0, 0.0, 5.0, 1.0, 5.0, 8.0, 1.0, 4.0, 3.0, 6.0, 1.0, 3.0, 4.0, 7.0, 7.0, 0.0, 8.0, 0.0, 8.0, 7.0, 1.0, 5.0, 3.0, 3.0, 4.0, 6.0, 5.0, 6.0, 8.0, 1.0, 3.0, 8.0, 0.0, 6.0, 0.0, 3.0, 6.0, 3.0, 3.0, 8.0, 5.0, 3.0, 2.0, 6.0, 3.0, 2.0, 0.0, 0.0, 7.0, 8.0, 5.0, 0.0, 0.0, 2.0, 7.0, 1.0, 8.0, 5.0, 5.0, 5.0, 7.0, 7.0, 8.0, 4.0, 0.0, 2.0, 2.0, 2.0, 0.0, 8.0, 8.0, 1.0, 4.0, 1.0, 8.0, 1.0, 8.0, 8.0, 4.0, 8.0, 7.0, 6.0, 1.0, 3.0, 5.0, 3.0, 6.0, 5.0, 11951.0, 0.0, 0.0]
[3.0, 4.0, 6.0, 2.0, 5.0, 0.0, 1492.0, 3.0, 2.0, 3.0, 7.0, 3.0, 5.0, 6.0, 0.0, 5.0, 1.0, 5.0, 1.0, 3.0, 5.0, 3.0, 1.0, 5.0, 2.0, 4.0, 8.0, 3.0, 0.0, 6.0, 1.0, 4.0, 4.0, 3.0, 0.0, 7.0, 6.0, 3.0, 3.0, 8.0, 4.0, 6.0, 4.0, 0.0, 3.0, 6.0, 5.0, 2.0, 4.0, 1.0, 6.0, 8.0, 8.0, 1.0, 7.0, 3.0, 6.0, 3.0, 6.0, 8.0, 8.0, 7.0, 6.0, 4.0, 7.0, 7.0, 6.0, 2.0, 6.0, 4.0, 8.0, 6.0, 2.0, 4.0, 1.0, 7.0, 6.0, 1.0, 1.0, 1.0, 7.0, 2.0, 2.0, 5.0, 1.0, 8.0, 7.0, 1.0, 0.0, 1.0, 4.0, 1.0, 5.0, 3.0, 4.0, 2.0, 2.0, 4.0, 3.0, 8.0, 0.0, 0.0, 8.0, 7.0, 1.0, 1.0, 5.0, 2.0, 4.0, 5.0, 2.0, 8.0, 0.0, 4.0, 6.0, 4.0, 2.0, 8.0, 0.0, 3.0, 5.0, 4.0, 7.0, 2.0, 0.0, 6.0, 5.0, 5.0, 10206.0, 0.0, 0.0]
[6.0, 4.0, 1.0, 2.0, 7.0, 7.0, 0.0, 1726.0, 7.0, 1.0, 0.0, 8.0, 7.0, 4.0, 4.0, 3.0, 3.0, 4.0, 8.0, 3.0, 3.0, 3.0, 1.0, 2.0, 0.0, 1.0, 7.0, 6.0, 7.0, 2.0, 2.0, 6.0, 1.0, 2.0, 3.0, 1.0, 4.0, 7.0, 3.0, 1.0, 6.0, 0.0, 3.0, 0.0, 6.0, 1.0, 4.0, 2.0, 3.0, 7.0, 0.0, 4.0, 3.0, 4.0, 5.0, 3.0, 5.0, 5.0, 2.0, 4.0, 3.0, 5.0, 0.0, 8.0, 0.0, 7.0, 7.0, 8.0, 5.0, 8.0, 3.0, 8.0, 4.0, 3.0, 6.0, 2.0, 0.0, 2.0, 6.0, 8.0, 3.0, 4.0, 7.0, 4.0, 1.0, 1.0, 5.0, 2.0, 2.0, 1.0, 3.0, 5.0, 6.0, 8.0, 4.0, 6.0, 4.0, 8.0, 2.0, 1.0, 2.0, 0.0, 3.0, 8.0, 4.0, 2.0, 5.0, 3.0, 2.0, 1.0, 2.0, 0.0, 6.0, 0.0, 7.0, 8.0, 5.0, 7.0, 5.0, 6.0, 7.0, 7.0, 0.0, 2.0, 7.0, 7.0, 6.0, 2.0, 11217.0, 0.0, 0.0]
[5.0, 6.0, 1.0, 6.0, 3.0, 5.0, 2.0, 5.0, 1690.0, 6.0, 0.0, 1.0, 2.0, 4.0, 7.0, 8.0, 2.0, 6.0, 0.0, 4.0, 2.0, 8.0, 5.0, 5.0, 7.0, 0.0, 3.0, 2.0, 4.0, 8.0, 6.0, 4.0, 5.0, 4.0, 7.0, 8.0, 3.0, 8.0, 3.0, 2.0, 2.0, 1.0, 5.0, 1.0, 7.0, 1.0, 0.0, 4.0, 6.0, 1.0, 3.0, 3.0, 7.0, 3.0, 3.0, 7.0, 3.0, 4.0, 5.0, 4.0, 3.0, 1.0, 5.0, 5.0, 3.0, 3.0, 7.0, 8.0, 4.0, 7.0, 8.0, 2.0, 8.0, 6.0, 7.0, 4.0, 4.0, 6.0, 1.0, 3.0, 2.0, 6.0, 6.0, 5.0, 2.0, 5.0, 7.0, 3.0, 0.0, 5.0, 4.0, 2.0, 7.0, 6.0, 2.0, 6.0, 1.0, 0.0, 5.0, 5.0, 2.0, 1.0, 4.0, 3.0, 0.0, 8.0, 7.0, 8.0, 4.0, 7.0, 1.0, 1.0, 8.0, 7.0, 2.0, 1.0, 7.0, 6.0, 5.0, 6.0, 0.0, 8.0, 7.0, 8.0, 3.0, 8.0, 0.0, 2.0, 11426.0, 0.0, 0.0]
[0.0, 3.0, 8.0, 2.0, 2.0, 5.0, 8.0, 3.0, 1.0, 2195.0, 4.0, 2.0, 4.0, 8.0, 3.0, 2.0, 4.0, 8.0, 5.0, 7.0, 0.0, 7.0, 4.0, 1.0, 2.0, 7.0, 6.0, 2.0, 0.0, 5.0, 8.0, 0.0, 3.0, 6.0, 6.0, 8.0, 1.0, 3.0, 7.0, 1.0, 6.0, 6.0, 5.0, 2.0, 5.0, 1.0, 5.0, 5.0, 6.0, 6.0, 1.0, 1.0, 6.0, 6.0, 2.0, 7.0, 3.0, 0.0, 7.0, 4.0, 1.0, 0.0, 4.0, 8.0, 7.0, 1.0, 7.0, 6.0, 0.0, 7.0, 7.0, 4.0, 7.0, 5.0, 6.0, 7.0, 0.0, 6.0, 8.0, 0.0, 2.0, 7.0, 6.0, 0.0, 7.0, 3.0, 8.0, 6.0, 5.0, 3.0, 8.0, 8.0, 5.0, 8.0, 4.0, 0.0, 5.0, 5.0, 3.0, 3.0, 7.0, 0.0, 5.0, 0.0, 4.0, 1.0, 0.0, 2.0, 4.0, 8.0, 3.0, 6.0, 1.0, 3.0, 3.0, 5.0, 7.0, 4.0, 8.0, 6.0, 7.0, 5.0, 7.0, 8.0, 6.0, 5.0, 8.0, 6.0, 5242.0, 0.0, 0.0]
[6.0, 6.0, 4.0, 4.0, 5.0, 8.0, 5.0, 7.0, 0.0, 2.0, 2092.0, 7.0, 5.0, 1.0, 3.0, 4.0, 3.0, 1.0, 2.0, 2.0, 4.0, 1.0, 0.0, 7.0, 2.0, 8.0, 3.0, 0.0, 3.0, 2.0, 3.0, 7.0, 2.0, 1.0, 4.0, 1.0, 8.0, 0.0, 1.0, 1.0, 8.0, 6.0, 5.0, 8.0, 7.0, 6.0, 8.0, 5.0, 1.0, 2.0, 7.0, 2.0, 5.0, 8.0, 7.0, 5.0, 0.0, 4.0, 8.0, 8.0, 4.0, 6.0, 8.0, 4.0, 2.0, 5.0, 0.0, 8.0, 0.0, 8.0, 4.0, 2.0, 3.0, 1.0, 2.0, 1.0, 8.0, 7.0, 7.0, 6.0, 3.0, 5.0, 7.0, 2.0, 6.0, 2.0, 8.0, 1.0, 2.0, 0.0, 0.0, 6.0, 7.0, 1.0, 5.0, 3.0, 0.0, 4.0, 4.0, 5.0, 8.0, 8.0, 8.0, 1.0, 1.0, 6.0, 2.0, 0.0, 8.0, 8.0, 5.0, 1.0, 8.0, 2.0, 8.0, 6.0, 6.0, 4.0, 4.0, 0.0, 7.0, 6.0, 0.0, 8.0, 8.0, 4.0, 8.0, 3.0, 11277.0, 0.0, 0.0]
[8.0, 6.0, 3.0, 6.0, 3.0, 0.0, 4.0, 2.0, 4.0, 5.0, 0.0, 2258.0, 4.0, 6.0, 6.0, 7.0, 5.0, 4.0, 6.0, 3.0, 6.0, 6.0, 7.0, 8.0, 2.0, 3.0, 5.0, 8.0, 6.0, 0.0, 7.0, 5.0, 4.0, 4.0, 0.0, 6.0, 8.0, 4.0, 6.0, 6.0, 0.0, 4.0, 8.0, 4.0, 3.0, 1.0, 3.0, 4.0, 8.0, 7.0, 1.0, 1.0, 1.0, 5.0, 7.0, 1.0, 5.0, 7.0, 7.0, 8.0, 2.0, 3.0, 2.0, 0.0, 0.0, 1.0, 6.0, 6.0, 7.0, 7.0, 3.0, 8.0, 1.0, 5.0, 0.0, 3.0, 3.0, 8.0, 5.0, 5.0, 6.0, 3.0, 6.0, 8.0, 8.0, 0.0, 3.0, 3.0, 7.0, 5.0, 0.0, 1.0, 2.0, 1.0, 1.0, 5.0, 6.0, 3.0, 7.0, 0.0, 4.0, 7.0, 7.0, 5.0, 8.0, 3.0, 6.0, 8.0, 6.0, 5.0, 6.0, 0.0, 1.0, 2.0, 8.0, 4.0, 1.0, 6.0, 2.0, 3.0, 7.0, 6.0, 2.0, 5.0, 8.0, 4.0, 0.0, 0.0, 20936.0, 0.0, 0.0]
[4.0, 5.0, 4.0, 1.0, 8.0, 3.0, 1.0, 1.0, 1.0, 8.0, 7.0, 5.0, 1813.0, 2.0, 7.0, 0.0, 3.0, 1.0, 0.0, 6.0, 5.0, 2.0, 4.0, 4.0, 5.0, 7.0, 2.0, 7.0, 7.0, 0.0, 5.0, 3.0, 1.0, 2.0, 6.0, 3.0, 0.0, 2.0, 3.0, 4.0, 0.0, 1.0, 5.0, 3.0, 5.0, 8.0, 6.0, 2.0, 6.0, 3.0, 3.0, 4.0, 6.0, 3.0, 8.0, 3.0, 0.0, 1.0, 3.0, 4.0, 7.0, 4.0, 5.0, 5.0, 2.0, 6.0, 7.0, 3.0, 6.0, 1.0, 8.0, 8.0, 7.0, 3.0, 3.0, 7.0, 2.0, 7.0, 7.0, 2.0, 7.0, 5.0, 7.0, 7.0, 7.0, 6.0, 0.0, 4.0, 0.0, 4.0, 7.0, 6.0, 7.0, 8.0, 1.0, 5.0, 0.0, 6.0, 6.0, 2.0, 2.0, 3.0, 8.0, 7.0, 4.0, 6.0, 2.0, 8.0, 6.0, 3.0, 3.0, 6.0, 3.0, 2.0, 6.0, 8.0, 4.0, 4.0, 2.0, 0.0, 0.0, 3.0, 8.0, 5.0, 2.0, 8.0, 8.0, 0.0, 11949.0, 0.0, 0.0]
[2.0, 2.0, 3.0, 2.0, 8.0, 0.0, 4.0, 0.0, 4.0, 6.0, 4.0, 5.0, 8.0, 1950.0, 3.0, 1.0, 5.0, 5.0, 5.0, 8.0, 2.0, 3.0, 6.0, 8.0, 4.0, 8.0, 0.0, 0.0, 2.0, 5.0, 6.0, 4.0, 0.0, 3.0, 3.0, 1.0, 5.0, 5.0, 7.0, 0.0, 7.0, 4.0, 7.0, 2.0, 4.0, 3.0, 8.0, 7.0, 4.0, 4.0, 8.0, 4.0, 8.0, 3.0, 0.0, 3.0, 6.0, 1.0, 2.0, 4.0, 8.0, 0.0, 6.0, 1.0, 3.0, 5.0, 5.0, 4.0, 4.0, 3.0, 2.0, 2.0, 7.0, 2.0, 0.0, 3.0, 4.0, 3.0, 8.0, 1.0, 5.0, 7.0, 5.0, 7.0, 4.0, 5.0, 2.0, 4.0, 7.0, 0.0, 0.0, 7.0, 3.0, 7.0, 5.0, 4.0, 3.0, 5.0, 5.0, 6.0, 8.0, 6.0, 7.0, 5.0, 3.0, 4.0, 5.0, 7.0, 8.0, 3.0, 2.0, 5.0, 2.0, 7.0, 8.0, 6.0, 5.0, 5.0, 1.0, 2.0, 4.0, 6.0, 7.0, 8.0, 3.0, 6.0, 6.0, 2.0, 16559.0, 0.0, 0.0]
[4.0, 0.0, 0.0, 0.0, 3.0, 7.0, 1.0, 6.0, 7.0, 1.0, 2.0, 2.0, 1.0, 7.0, 2099.0, 0.0, 7.0, 4.0, 6.0, 4.0, 8.0, 6.0, 5.0, 4.0, 3.0, 8.0, 4.0, 5.0, 2.0, 2.0, 8.0, 7.0, 8.0, 0.0, 2.0, 8.0, 4.0, 6.0, 7.0, 6.0, 5.0, 8.0, 8.0, 6.0, 2.0, 0.0, 0.0, 0.0, 4.0, 6.0, 5.0, 0.0, 0.0, 8.0, 8.0, 0.0, 8.0, 8.0, 5.0, 2.0, 4.0, 4.0, 0.0, 1.0, 3.0, 0.0, 4.0, 7.0, 3.0, 0.0, 5.0, 8.0, 6.0, 3.0, 4.0, 0.0, 2.0, 8.0, 7.0, 2.0, 3.0, 8.0, 8.0, 6.0, 4.0, 2.0, 2.0, 1.0, 1.0, 4.0, 2.0, 0.0, 2.0, 0.0, 3.0, 1.0, 5.0, 0.0, 4.0, 2.0, 5.0, 7.0, 1.0, 3.0, 7.0, 6.0, 5.0, 2.0, 1.0, 6.0, 7.0, 6.0, 6.0, 8.0, 8.0, 6.0, 6.0, 8.0, 8.0, 0.0, 5.0, 8.0, 6.0, 3.0, 3.0, 8.0, 7.0, 5.0, 9109.0, 0.0, 0.0]
[5.0, 7.0, 2.0, 1.0, 3.0, 6.0, 4.0, 4.0, 1.0, 4.0, 1.0, 7.0, 6.0, 0.0, 1.0, 1312.0, 3.0, 5.0, 3.0, 2.0, 6.0, 6.0, 6.0, 0.0, 0.0, 3.0, 3.0, 2.0, 7.0, 1.0, 5.0, 0.0, 5.0, 8.0, 3.0, 1.0, 2.0, 3.0, 4.0, 8.0, 3.0, 7.0, 4.0, 8.0, 0.0, 1.0, 1.0, 5.0, 7.0, 7.0, 0.0, 6.0, 7.0, 8.0, 1.0, 4.0, 7.0, 8.0, 6.0, 3.0, 8.0, 2.0, 2.0, 6.0, 8.0, 4.0, 3.0, 1.0, 7.0, 7.0, 4.0, 1.0, 6.0, 4.0, 4.0, 6.0, 0.0, 2.0, 1.0, 6.0, 8.0, 2.0, 3.0, 3.0, 4.0, 3.0, 3.0, 1.0, 7.0, 4.0, 6.0, 0.0, 6.0, 0.0, 2.0, 1.0, 8.0, 3.0, 1.0, 3.0, 0.0, 2.0, 3.0, 7.0, 6.0, 7.0, 4.0, 7.0, 7.0, 3.0, 4.0, 8.0, 8.0, 6.0, 3.0, 1.0, 3.0, 2.0, 1.0, 8.0, 7.0, 0.0, 2.0, 4.0, 1.0, 4.0, 8.0, 0.0, 11879.0, 0.0, 0.0]
[3.0, 4.0, 2.0, 2.0, 2.0, 2.0, 4.0, 5.0, 5.0, 3.0, 7.0, 3.0, 1.0, 3.0, 6.0, 3.0, 1923.0, 2.0, 5.0, 1.0, 8.0, 6.0, 4.0, 4.0, 5.0, 2.0, 8.0, 3.0, 7.0, 8.0, 2.0, 7.0, 6.0, 1.0, 8.0, 1.0, 8.0, 8.0, 3.0, 1.0, 0.0, 2.0, 8.0, 7.0, 2.0, 7.0, 8.0, 2.0, 3.0, 6.0, 7.0, 5.0, 4.0, 8.0, 4.0, 2.0, 5.0, 0.0, 6.0, 0.0, 6.0, 8.0, 0.0, 7.0, 6.0, 8.0, 6.0, 4.0, 2.0, 0.0, 1.0, 0.0, 6.0, 0.0, 4.0, 3.0, 6.0, 3.0, 0.0, 4.0, 7.0, 3.0, 3.0, 2.0, 2.0, 3.0, 1.0, 7.0, 7.0, 4.0, 7.0, 2.0, 5.0, 6.0, 3.0, 1.0, 1.0, 4.0, 6.0, 1.0, 0.0, 0.0, 1.0, 1.0, 6.0, 2.0, 0.0, 8.0, 1.0, 0.0, 4.0, 1.0, 1.0, 8.0, 8.0, 0.0, 7.0, 1.0, 3.0, 6.0, 4.0, 4.0, 0.0, 3.0, 2.0, 1.0, 8.0, 5.0, 4687.0, 0.0, 0.0]
[0.0, 7.0, 7.0, 7.0, 1.0, 3.0, 0.0, 3.0, 8.0, 3.0, 4.0, 6.0, 5.0, 0.0, 8.0, 0.0, 6.0, 2189.0, 8.0, 5.0, 4.0, 2.0, 5.0, 2.0, 5.0, 8.0, 8.0, 0.0, 4.0, 0.0, 2.0, 5.0, 1.0, 8.0, 2.0, 8.0, 7.0, 0.0, 4.0, 0.0, 7.0, 3.0, 6.0, 6.0, 5.0, 2.0, 0.0, 8.0, 4.0, 6.0, 2.0, 7.0, 6.0, 4.0, 3.0, 1.0, 0.0, 5.0, 3.0, 4.0, 5.0, 0.0, 2.0, 3.0, 3.0, 6.0, 4.0, 3.0, 2.0, 2.0, 1.0, 4.0, 1.0, 1.0, 0.0, 8.0, 6.0, 0.0, 1.0, 4.0, 1.0, 6.0, 3.0, 7.0, 5.0, 5.0, 2.0, 0.0, 5.0, 5.0, 5.0, 1.0, 5.0, 6.0, 6.0, 0.0, 0.0, 6.0, 0.0, 0.0, 7.0, 2.0, 1.0, 1.0, 6.0, 3.0, 1.0, 8.0, 3.0, 6.0, 3.0, 5.0, 5.0, 2.0, 5.0, 0.0, 5.0, 7.0, 8.0, 8.0, 3.0, 7.0, 0.0, 4.0, 2.0, 0.0, 6.0, 7.0, 4797.0, 0.0, 0.0]
[3.0, 2.0, 1.0, 4.0, 2.0, 6.0, 2.0, 8.0, 4.0, 0.0, 7.0, 7.0, 0.0, 7.0, 4.0, 3.0, 0.0, 7.0, 2018.0, 7.0, 2.0, 6.0, 6.0, 6.0, 1.0, 6.0, 3.0, 4.0, 3.0, 1.0, 2.0, 0.0, 1.0, 5.0, 6.0, 6.0, 3.0, 1.0, 5.0, 4.0, 1.0, 1.0, 8.0, 8.0, 1.0, 2.0, 1.0, 3.0, 1.0, 1.0, 0.0, 6.0, 2.0, 1.0, 5.0, 3.0, 1.0, 3.0, 8.0, 1.0, 1.0, 6.0, 2.0, 0.0, 0.0, 4.0, 6.0, 3.0, 2.0, 1.0, 2.0, 1.0, 2.0, 6.0, 4.0, 2.0, 2.0, 2.0, 3.0, 7.0, 6.0, 0.0, 5.0, 8.0, 8.0, 4.0, 0.0, 1.0, 4.0, 5.0, 8.0, 7.0, 0.0, 8.0, 4.0, 4.0, 8.0, 0.0, 1.0, 5.0, 2.0, 4.0, 8.0, 5.0, 8.0, 0.0, 4.0, 6.0, 2.0, 6.0, 8.0, 7.0, 8.0, 7.0, 4.0, 3.0, 7.0, 5.0, 5.0, 6.0, 5.0, 7.0, 8.0, 7.0, 1.0, 0.0, 6.0, 8.0, 18788.0, 0.0, 0.0]
[2.0, 0.0, 2.0, 2.0, 4.0, 5.0, 8.0, 0.0, 8.0, 1.0, 6.0, 4.0, 5.0, 5.0, 2.0, 5.0, 2.0, 2.0, 3.0, 1828.0, 0.0, 6.0, 5.0, 8.0, 0.0, 6.0, 2.0, 4.0, 4.0, 2.0, 8.0, 3.0, 7.0, 7.0, 5.0, 4.0, 3.0, 2.0, 6.0, 7.0, 7.0, 8.0, 1.0, 2.0, 4.0, 3.0, 3.0, 4.0, 8.0, 8.0, 7.0, 1.0, 0.0, 2.0, 2.0, 0.0, 2.0, 6.0, 1.0, 3.0, 6.0, 2.0, 4.0, 4.0, 7.0, 8.0, 5.0, 2.0, 0.0, 4.0, 8.0, 6.0, 6.0, 3.0, 0.0, 8.0, 4.0, 3.0, 2.0, 4.0, 7.0, 1.0, 0.0, 6.0, 4.0, 5.0, 0.0, 1.0, 7.0, 8.0, 6.0, 6.0, 0.0, 8.0, 8.0, 1.0, 7.0, 5.0, 4.0, 1.0, 5.0, 3.0, 3.0, 7.0, 7.0, 5.0, 2.0, 4.0, 7.0, 7.0, 2.0, 8.0, 1.0, 2.0, 7.0, 0.0, 0.0, 0.0, 0.0, 4.0, 1.0, 7.0, 6.0, 4.0, 6.0, 3.0, 5.0, 3.0, 8215.0, 0.0, 0.0]
[2.0, 7.0, 2.0, 3.0, 6.0, 5.0, 1.0, 1.0, 0.0, 1.0, 3.0, 8.0, 4.0, 3.0, 4.0, 7.0, 3.0, 8.0, 1.0, 0.0, 1509.0, 3.0, 6.0, 6.0, 4.0, 7.0, 4.0, 3.0, 0.0, 2.0, 8.0, 4.0, 5.0, 8.0, 2.0, 1.0, 8.0, 4.0, 8.0, 8.0, 8.0, 4.0, 1.0, 4.0, 7.0, 3.0, 7.0, 3.0, 0.0, 8.0, 6.0, 8.0, 4.0, 3.0, 5.0, 4.0, 5.0, 2.0, 0.0, 6.0, 2.0, 4.0, 5.0, 4.0, 6.0, 1.0, 6.0, 8.0, 2.0, 2.0, 8.0, 0.0, 8.0, 6.0, 5.0, 3.0, 7.0, 2.0, 8.0, 0.0, 1.0, 0.0, 7.0, 0.0, 5.0, 6.0, 0.0, 4.0, 6.0, 6.0, 2.0, 6.0, 8.0, 8.0, 3.0, 0.0, 4.0, 5.0, 0.0, 8.0, 4.0, 0.0, 4.0, 2.0, 4.0, 6.0, 6.0, 4.0, 2.0, 6.0, 7.0, 0.0, 5.0, 6.0, 5.0, 0.0, 6.0, 0.0, 3.0, 1.0, 5.0, 5.0, 7.0, 3.0, 2.0, 8.0, 3.0, 2.0, 14907.0, 0.0, 0.0]
[6.0, 7.0, 3.0, 8.0, 0.0, 6.0, 7.0, 5.0, 4.0, 5.0, 2.0, 1.0, 3.0, 7.0, 5.0, 0.0, 8.0, 7.0, 1.0, 2.0, 5.0, 2418.0, 3.0, 1.0, 4.0, 7.0, 1.0, 4.0, 0.0, 0.0, 5.0, 5.0, 2.0, 0.0, 6.0, 6.0, 6.0, 4.0, 7.0, 1.0, 5.0, 4.0, 4.0, 4.0, 4.0, 4.0, 4.0, 4.0, 3.0, 0.0, 4.0, 3.0, 2.0, 7.0, 4.0, 4.0, 1.0, 1.0, 1.0, 4.0, 3.0, 5.0, 8.0, 3.0, 0.0, 0.0, 8.0, 6.0, 7.0, 4.0, 3.0, 0.0, 7.0, 1.0, 6.0, 1.0, 0.0, 6.0, 2.0, 5.0, 7.0, 1.0, 1.0, 8.0, 0.0, 3.0, 3.0, 6.0, 7.0, 1.0, 0.0, 7.0, 1.0, 1.0, 1.0, 6.0, 7.0, 8.0, 2.0, 5.0, 4.0, 8.0, 2.0, 5.0, 1.0, 4.0, 0.0, 4.0, 4.0, 0.0, 3.0, 4.0, 8.0, 1.0, 7.0, 8.0, 4.0, 4.0, 0.0, 0.0, 3.0, 8.0, 8.0, 0.0, 3.0, 2.0, 1.0, 8.0, 4864.0, 0.0, 0.0]
[6.0, 8.0, 7.0, 1.0, 1.0, 1.0, 2.0, 4.0, 1.0, 2.0, 0.0, 5.0, 1.0, 3.0, 5.0, 5.0, 8.0, 2.0, 4.0, 1.0, 6.0, 1.0, 1686.0, 6.0, 6.0, 3.0, 2.0, 1.0, 1.0, 0.0, 5.0, 0.0, 5.0, 2.0, 4.0, 8.0, 0.0, 1.0, 4.0, 5.0, 5.0, 5.0, 5.0, 0.0, 2.0, 3.0, 0.0, 8.0, 1.0, 6.0, 1.0, 5.0, 0.0, 2.0, 1.0, 7.0, 4.0, 5.0, 8.0, 3.0, 1.0, 7.0, 5.0, 5.0, 7.0, 2.0, 1.0, 0.0, 6.0, 0.0, 0.0, 2.0, 4.0, 2.0, 8.0, 1.0, 1.0, 8.0, 4.0, 4.0, 1.0, 0.0, 8.0, 8.0, 4.0, 2.0, 5.0, 7.0, 2.0, 8.0, 8.0, 1.0, 2.0, 8.0, 3.0, 4.0, 8.0, 4.0, 1.0, 7.0, 5.0, 4.0, 1.0, 3.0, 6.0, 4.0, 7.0, 7.0, 7.0, 8.0, 4.0, 1.0, 2.0, 4.0, 4.0, 5.0, 6.0, 2.0, 7.0, 6.0, 5.0, 8.0, 6.0, 7.0, 3.0, 0.0, 5.0, 7.0, 16113.0, 0.0, 0.0]
[2.0, 1.0, 0.0, 3.0, 8.0, 7.0, 5.0, 2.0, 2.0, 4.0, 3.0, 2.0, 0.0, 2.0, 2.0, 4.0, 8.0, 2.0, 6.0, 4.0, 8.0, 8.0, 7.0, 1879.0, 3.0, 2.0, 8.0, 5.0, 5.0, 0.0, 5.0, 4.0, 4.0, 3.0, 5.0, 8.0, 8.0, 0.0, 4.0, 1.0, 1.0, 4.0, 3.0, 6.0, 8.0, 8.0, 6.0, 2.0, 0.0, 0.0, 7.0, 3.0, 5.0, 1.0, 2.0, 2.0, 7.0, 3.0, 6.0, 4.0, 0.0, 8.0, 6.0, 2.0, 1.0, 4.0, 1.0, 8.0, 3.0, 8.0, 4.0, 3.0, 4.0, 1.0, 3.0, 8.0, 3.0, 3.0, 1.0, 8.0, 0.0, 7.0, 3.0, 3.0, 3.0, 8.0, 7.0, 4.0, 7.0, 2.0, 0.0, 0.0, 7.0, 8.0, 7.0, 2.0, 4.0, 7.0, 2.0, 4.0, 3.0, 0.0, 8.0, 6.0, 2.0, 8.0, 1.0, 2.0, 6.0, 1.0, 0.0, 7.0, 4.0, 5.0, 4.0, 1.0, 5.0, 1.0, 1.0, 1.0, 4.0, 4.0, 7.0, 4.0, 2.0, 4.0, 7.0, 6.0, 15746.0, 0.0, 0.0]
[3.0, 4.0, 6.0, 0.0, 1.0, 2.0, 0.0, 5.0, 8.0, 8.0, 6.0, 8.0, 7.0, 7.0, 3.0, 5.0, 1.0, 0.0, 5.0, 5.0, 6.0, 8.0, 4.0, 0.0, 1901.0, 5.0, 3.0, 5.0, 6.0, 6.0, 1.0, 7.0, 2.0, 2.0, 6.0, 4.0, 8.0, 0.0, 5.0, 6.0, 2.0, 4.0, 3.0, 0.0, 3.0, 0.0, 4.0, 4.0, 4.0, 0.0, 6.0, 7.0, 4.0, 3.0, 4.0, 6.0, 3.0, 1.0, 2.0, 8.0, 6.0, 3.0, 3.0, 0.0, 8.0, 1.0, 1.0, 3.0, 7.0, 2.0, 5.0, 3.0, 7.0, 4.0, 1.0, 4.0, 5.0, 4.0, 0.0, 4.0, 5.0, 0.0, 7.0, 4.0, 1.0, 8.0, 7.0, 6.0, 1.0, 8.0, 2.0, 2.0, 0.0, 1.0, 4.0, 7.0, 5.0, 2.0, 6.0, 2.0, 5.0, 1.0, 5.0, 7.0, 6.0, 4.0, 6.0, 3.0, 4.0, 8.0, 0.0, 1.0, 5.0, 1.0, 1.0, 5.0, 3.0, 8.0, 0.0, 7.0, 5.0, 2.0, 7.0, 5.0, 5.0, 6.0, 8.0, 7.0, 19920.0, 0.0, 0.0]
[0.0, 4.0, 5.0, 7.0, 0.0, 8.0, 5.0, 0.0, 4.0, 3.0, 5.0, 3.0, 5.0, 0.0, 8.0, 3.0, 1.0, 7.0, 6.0, 5.0, 8.0, 3.0, 2.0, 3.0, 3.0, 2135.0, 0.0, 7.0, 7.0, 7.0, 4.0, 8.0, 6.0, 1.0, 4.0, 8.0, 5.0, 8.0, 5.0, 0.0, 4.0, 6.0, 3.0, 1.0, 2.0, 2.0, 4.0, 2.0, 7.0, 6.0, 6.0, 7.0, 5.0, 7.0, 6.0, 2.0, 4.0, 4.0, 2.0, 2.0, 6.0, 3.0, 0.0, 6.0, 8.0, 8.0, 3.0, 4.0, 8.0, 7.0, 2.0, 1.0, 1.0, 0.0, 7.0, 2.0, 5.0, 8.0, 5.0, 0.0, 5.0, 5.0, 8.0, 7.0, 7.0, 1.0, 1.0, 4.0, 7.0, 6.0, 5.0, 8.0, 8.0, 2.0, 5.0, 3.0, 8.0, 4.0, 3.0, 6.0, 7.0, 8.0, 0.0, 4.0, 0.0, 5.0, 1.0, 4.0, 5.0, 5.0, 8.0, 1.0, 7.0, 0.0, 0.0, 4.0, 6.0, 4.0, 8.0, 1.0, 1.0, 8.0, 7.0, 8.0, 6.0, 8.0, 0.0, 2.0, 13677.0, 0.0, 0.0]
[7.0, 4.0, 2.0, 5.0, 5.0, 8.0, 7.0, 8.0, 5.0, 6.0, 8.0, 1.0, 0.0, 4.0, 2.0, 5.0, 6.0, 8.0, 3.0, 2.0, 7.0, 1.0, 7.0, 2.0, 7.0, 7.0, 1687.0, 6.0, 2.0, 1.0, 1.0, 2.0, 3.0, 6.0, 8.0, 5.0, 5.0, 1.0, 7.0, 7.0, 0.0, 5.0, 4.0, 3.0, 7.0, 5.0, 7.0, 6.0, 0.0, 8.0, 0.0, 1.0, 7.0, 4.0, 5.0, 6.0, 3.0, 6.0, 2.0, 1.0, 8.0, 4.0, 5.0, 6.0, 6.0, 6.0, 1.0, 4.0, 3.0, 0.0, 6.0, 2.0, 7.0, 6.0, 6.0, 0.0, 6.0, 2.0, 2.0, 6.0, 0.0, 5.0, 3.0, 5.0, 5.0, 0.0, 3.0, 8.0, 0.0, 0.0, 5.0, 5.0, 8.0, 3.0, 2.0, 8.0, 6.0, 2.0, 2.0, 4.0, 2.0, 4.0, 0.0, 1.0, 1.0, 7.0, 8.0, 7.0, 0.0, 0.0, 0.0, 2.0, 6.0, 8.0, 1.0, 8.0, 4.0, 7.0, 6.0, 1.0, 8.0, 7.0, 1.0, 0.0, 7.0, 6.0, 1.0, 6.0, 4608.0, 0.0, 0.0]
[0.0, 7.0, 0.0, 1.0, 7.0, 7.0, 0.0, 1.0, 2.0, 1.0, 0.0, 1.0, 1.0, 6.0, 6.0, 8.0, 0.0, 8.0, 7.0, 0.0, 1.0, 2.0, 2.0, 7.0, 7.0, 2.0, 3.0, 2545.0, 3.0, 1.0, 0.0, 2.0, 1.0, 8.0, 0.0, 8.0, 0.0, 8.0, 6.0, 8.0, 0.0, 4.0, 4.0, 0.0, 4.0, 5.0, 6.0, 5.0, 6.0, 4.0, 5.0, 3.0, 8.0, 0.0, 0.0, 3.0, 7.0, 5.0, 6.0, 8.0, 0.0, 4.0, 8.0, 8.0, 4.0, 6.0, 4.0, 5.0, 5.0, 2.0, 3.0, 4.0, 4.0, 3.0, 8.0, 7.0, 2.0, 8.0, 2.0, 7.0, 2.0, 3.0, 2.0, 6.0, 3.0, 7.0, 7.0, 8.0, 6.0, 6.0, 5.0, 4.0, 0.0, 6.0, 8.0, 3.0, 8.0, 2.0, 8.0, 8.0, 7.0, 8.0, 8.0, 7.0, 0.0, 5.0, 6.0, 1.0, 5.0, 8.0, 2.0, 2.0, 1.0, 7.0, 5.0, 1.0, 2.0, 7.0, 3.0, 1.0, 8.0, 8.0, 2.0, 6.0, 4.0, 6.0, 6.0, 6.0, 15686.0, 0.0, 0.0]
[3.0, 6.0, 6.0, 0.0, 1.0, 7.0, 0.0, 3.0, 7.0, 4.0, 7.0, 4.0, 4.0, 4.0, 0.0, 0.0, 3.0, 5.0, 6.0, 0.0, 4.0, 4.0, 4.0, 8.0, 1.0, 1.0, 4.0, 3.0, 1821.0, 6.0, 8.0, 6.0, 8.0, 0.0, 6.0, 7.0, 0.0, 5.0, 7.0, 2.0, 7.0, 1.0, 4.0, 5.0, 8.0, 6.0, 5.0, 7.0, 6.0, 0.0, 4.0, 1.0, 1.0, 8.0, 5.0, 1.0, 1.0, 6.0, 0.0, 2.0, 2.0, 3.0, 2.0, 2.0, 0.0, 1.0, 2.0, 6.0, 4.0, 5.0, 8.0, 6.0, 3.0, 2.0, 2.0, 1.0, 7.0, 8.0, 5.0, 5.0, 8.0, 2.0, 0.0, 8.0, 0.0, 8.0, 5.0, 0.0, 3.0, 1.0, 1.0, 4.0, 1.0, 0.0, 7.0, 3.0, 6.0, 8.0, 3.0, 2.0, 7.0, 1.0, 6.0, 5.0, 6.0, 3.0, 8.0, 7.0, 5.0, 7.0, 7.0, 3.0, 8.0, 3.0, 0.0, 6.0, 3.0, 2.0, 6.0, 5.0, 0.0, 2.0, 6.0, 5.0, 4.0, 6.0, 2.0, 0.0, 13646.0, 0.0, 0.0]
[4.0, 7.0, 1.0, 2.0, 5.0, 3.0, 4.0, 1.0, 4.0, 2.0, 0.0, 1.0, 7.0, 6.0, 7.0, 0.0, 0.0, 0.0, 6.0, 8.0, 8.0, 7.0, 6.0, 4.0, 4.0, 3.0, 0.0, 6.0, 1.0, 2259.0, 4.0, 3.0, 8.0, 0.0, 1.0, 7.0, 1.0, 3.0, 1.0, 1.0, 7.0, 0.0, 3.0, 0.0, 0.0, 5.0, 1.0, 7.0, 1.0, 1.0, 8.0, 3.0, 7.0, 2.0, 0.0, 4.0, 1.0, 6.0, 8.0, 2.0, 0.0, 2.0, 6.0, 8.0, 1.0, 8.0, 2.0, 4.0, 0.0, 0.0, 3.0, 3.0, 3.0, 3.0, 3.0, 1.0, 7.0, 1.0, 8.0, 8.0, 1.0, 0.0, 3.0, 7.0, 5.0, 6.0, 0.0, 1.0, 1.0, 4.0, 6.0, 6.0, 4.0, 8.0, 6.0, 5.0, 2.0, 2.0, 3.0, 0.0, 0.0, 5.0, 5.0, 4.0, 3.0, 2.0, 1.0, 6.0, 3.0, 8.0, 2.0, 6.0, 5.0, 0.0, 6.0, 3.0, 3.0, 1.0, 3.0, 7.0, 0.0, 6.0, 1.0, 2.0, 1.0, 5.0, 1.0, 6.0, 22713.0, 0.0, 0.0]
[2.0, 5.0, 4.0, 2.0, 8.0, 2.0, 1.0, 0.0, 3.0, 3.0, 2.0, 8.0, 1.0, 8.0, 8.0, 5.0, 6.0, 4.0, 2.0, 8.0, 0.0, 2.0, 4.0, 4.0, 6.0, 0.0, 5.0, 2.0, 8.0, 3.0, 1606.0, 7.0, 4.0, 2.0, 1.0, 5.0, 4.0, 8.0, 1.0, 7.0, 5.0, 5.0, 1.0, 0.0, 1.0, 6.0, 5.0, 6.0, 3.0, 2.0, 8.0, 1.0, 0.0, 4.0, 3.0, 7.0, 1.0, 3.0, 5.0, 6.0, 6.0, 5.0, 5.0, 5.0, 0.0, 1.0, 4.0, 7.0, 3.0, 5.0, 7.0, 1.0, 5.0, 0.0, 0.0, 0.0, 0.0, 5.0, 0.0, 2.0, 0.0, 7.0, 1.0, 6.0, 4.0, 5.0, 5.0, 3.0, 1.0, 5.0, 0.0, 5.0, 3.0, 3.0, 2.0, 1.0, 3.0, 4.0, 5.0, 0.0, 7.0, 5.0, 2.0, 6.0, 0.0, 8.0, 3.0, 2.0, 0.0, 5.0, 0.0, 1.0, 1.0, 6.0, 0.0, 0.0, 6.0, 2.0, 6.0, 1.0, 7.0, 8.0, 6.0, 8.0, 8.0, 0.0, 6.0, 1.0, 12086.0, 0.0, 0.0]
[5.0, 5.0, 1.0, 7.0, 4.0, 0.0, 0.0, 7.0, 7.0, 6.0, 0.0, 8.0, 1.0, 0.0, 1.0, 7.0, 1.0, 1.0, 7.0, 2.0, 8.0, 1.0, 5.0, 5.0, 6.0, 8.0, 5.0, 4.0, 4.0, 2.0, 7.0, 1487.0, 2.0, 2.0, 3.0, 8.0, 5.0, 2.0, 2.0, 4.0, 7.0, 0.0, 6.0, 4.0, 1.0, 6.0, 5.0, 3.0, 0.0, 7.0, 8.0, 6.0, 7.0, 0.0, 5.0, 3.0, 3.0, 1.0, 1.0, 0.0, 1.0, 4.0, 4.0, 8.0, 3.0, 4.0, 3.0, 7.0, 2.0, 7.0, 4.0, 1.0, 8.0, 4.0, 1.0, 0.0, 5.0, 1.0, 1.0, 6.0, 2.0, 7.0, 7.0, 8.0, 6.0, 2.0, 4.0, 1.0, 2.0, 2.0, 4.0, 1.0, 2.0, 7.0, 7.0, 6.0, 4.0, 1.0, 4.0, 1.0, 1.0, 6.0, 7.0, 4.0, 3.0, 5.0, 8.0, 5.0, 2.0, 4.0, 5.0, 6.0, 4.0, 8.0, 2.0, 3.0, 0.0, 8.0, 6.0, 0.0, 7.0, 6.0, 0.0, 2.0, 3.0, 8.0, 3.0, 8.0, 14784.0, 0.0, 0.0]
[1.0, 8.0, 3.0, 5.0, 7.0, 7.0, 1.0, 1.0, 2.0, 3.0, 1.0, 0.0, 7.0, 4.0, 2.0, 7.0, 7.0, 4.0, 1.0, 6.0, 6.0, 8.0, 0.0, 2.0, 5.0, 4.0, 4.0, 4.0, 4.0, 1.0, 2.0, 5.0, 1790.0, 7.0, 4.0, 5.0, 4.0, 3.0, 2.0, 0.0, 6.0, 2.0, 3.0, 5.0, 6.0, 4.0, 5.0, 5.0, 1.0, 8.0, 2.0, 6.0, 6.0, 5.0, 2.0, 6.0, 7.0, 3.0, 6.0, 3.0, 5.0, 2.0, 1.0, 3.0, 5.0, 3.0, 7.0, 7.0, 8.0, 4.0, 7.0, 5.0, 7.0, 4.0, 7.0, 7.0, 4.0, 1.0, 6.0, 1.0, 3.0, 6.0, 7.0, 1.0, 3.0, 4.0, 4.0, 6.0, 5.0, 0.0, 1.0, 1.0, 0.0, 8.0, 6.0, 5.0, 4.0, 2.0, 2.0, 0.0, 3.0, 2.0, 5.0, 0.0, 4.0, 6.0, 5.0, 4.0, 0.0, 1.0, 3.0, 4.0, 4.0, 0.0, 5.0, 4.0, 2.0, 0.0, 1.0, 4.0, 5.0, 0.0, 6.0, 0.0, 0.0, 6.0, 3.0, 6.0, 11562.0, 0.0, 0.0]
[2.0, 7.0, 6.0, 7.0, 4.0, 4.0, 2.0, 7.0, 2.0, 5.0, 8.0, 6.0, 3.0, 5.0, 1.0, 3.0, 3.0, 5.0, 6.0, 5.0, 5.0, 2.0, 1.0, 6.0, 0.0, 1.0, 0.0, 0.0, 8.0, 7.0, 2.0, 1.0, 4.0, 2495.0, 2.0, 3.0, 3.0, 6.0, 8.0, 1.0, 2.0, 2.0, 7.0, 3.0, 6.0, 5.0, 3.0, 5.0, 4.0, 3.0, 4.0, 7.0, 5.0, 3.0, 1.0, 6.0, 7.0, 5.0, 2.0, 2.0, 1.0, 4.0, 3.0, 6.0, 8.0, 1.0, 7.0, 6.0, 3.0, 2.0, 5.0, 7.0, 5.0, 0.0, 4.0, 6.0, 2.0, 4.0, 8.0, 7.0, 0.0, 3.0, 5.0, 5.0, 6.0, 5.0, 5.0, 7.0, 2.0, 8.0, 7.0, 0.0, 4.0, 2.0, 0.0, 7.0, 8.0, 1.0, 6.0, 1.0, 6.0, 1.0, 4.0, 6.0, 7.0, 5.0, 3.0, 5.0, 6.0, 4.0, 1.0, 7.0, 6.0, 1.0, 1.0, 3.0, 3.0, 0.0, 0.0, 1.0, 3.0, 0.0, 8.0, 5.0, 1.0, 2.0, 5.0, 6.0, 17725.0, 0.0, 0.0]
[4.0, 7.0, 8.0, 6.0, 4.0, 7.0, 7.0, 6.0, 1.0, 7.0, 1.0, 8.0, 5.0, 0.0, 0.0, 2.0, 2.0, 5.0, 2.0, 1.0, 4.0, 5.0, 1.0, 1.0, 1.0, 2.0, 1.0, 1.0, 0.0, 8.0, 5.0, 7.0, 4.0, 3.0, 1762.0, 5.0, 5.0, 2.0, 6.0, 1.0, 0.0, 0.0, 1.0, 2.0, 4.0, 2.0, 2.0, 2.0, 0.0, 6.0, 1.0, 8.0, 1.0, 7.0, 2.0, 6.0, 1.0, 7.0, 2.0, 8.0, 3.0, 5.0, 0.0, 4.0, 8.0, 7.0, 1.0, 1.0, 6.0, 1.0, 5.0, 6.0, 2.0, 7.0, 6.0, 1.0, 4.0, 1.0, 0.0, 6.0, 8.0, 2.0, 5.0, 5.0, 8.0, 1.0, 1.0, 0.0, 8.0, 0.0, 5.0, 2.0, 3.0, 5.0, 6.0, 2.0, 8.0, 4.0, 8.0, 2.0, 4.0, 4.0, 7.0, 2.0, 7.0, 4.0, 7.0, 1.0, 0.0, 0.0, 8.0, 6.0, 2.0, 2.0, 8.0, 1.0, 6.0, 4.0, 3.0, 0.0, 4.0, 8.0, 4.0, 5.0, 7.0, 7.0, 5.0, 3.0, 18405.0, 0.0, 0.0]
[3.0, 5.0, 0.0, 4.0, 6.0, 4.0, 0.0, 3.0, 4.0, 4.0, 1.0, 3.0, 1.0, 1.0, 4.0, 2.0, 1.0, 2.0, 2.0, 7.0, 7.0, 4.0, 7.0, 4.0, 1.0, 4.0, 0.0, 1.0, 1.0, 4.0, 2.0, 7.0, 0.0, 0.0, 4.0, 1904.0, 3.0, 4.0, 7.0, 3.0, 7.0, 0.0, 0.0, 2.0, 5.0, 3.0, 0.0, 3.0, 7.0, 7.0, 3.0, 5.0, 7.0, 7.0, 1.0, 7.0, 6.0, 5.0, 7.0, 7.0, 2.0, 5.0, 0.0, 8.0, 0.0, 8.0, 1.0, 0.0, 1.0, 6.0, 4.0, 5.0, 7.0, 8.0, 5.0, 1.0, 8.0, 4.0, 8.0, 8.0, 8.0, 5.0, 4.0, 5.0, 2.0, 6.0, 0.0, 8.0, 2.0, 4.0, 4.0, 7.0, 7.0, 1.0, 0.0, 8.0, 0.0, 6.0, 0.0, 8.0, 1.0, 7.0, 0.0, 2.0, 0.0, 7.0, 4.0, 2.0, 5.0, 5.0, 7.0, 6.0, 8.0, 6.0, 1.0, 8.0, 2.0, 8.0, 7.0, 1.0, 6.0, 1.0, 4.0, 8.0, 3.0, 2.0, 7.0, 7.0, 6577.0, 0.0, 0.0]
[7.0, 4.0, 0.0, 8.0, 4.0, 4.0, 1.0, 4.0, 1.0, 2.0, 1.0, 6.0, 1.0, 8.0, 7.0, 7.0, 0.0, 5.0, 1.0, 2.0, 5.0, 1.0, 7.0, 5.0, 1.0, 2.0, 6.0, 4.0, 6.0, 1.0, 4.0, 6.0, 3.0, 2.0, 0.0, 1.0, 1786.0, 3.0, 7.0, 4.0, 5.0, 3.0, 2.0, 5.0, 4.0, 0.0, 0.0, 7.0, 6.0, 3.0, 6.0, 8.0, 4.0, 3.0, 3.0, 6.0, 4.0, 2.0, 4.0, 5.0, 3.0, 3.0, 3.0, 0.0, 7.0, 3.0, 2.0, 2.0, 8.0, 5.0, 5.0, 5.0, 8.0, 4.0, 0.0, 3.0, 5.0, 8.0, 2.0, 3.0, 5.0, 0.0, 7.0, 6.0, 0.0, 8.0, 3.0, 1.0, 7.0, 4.0, 4.0, 3.0, 8.0, 8.0, 3.0, 2.0, 5.0, 5.0, 4.0, 1.0, 0.0, 1.0, 8.0, 5.0, 4.0, 8.0, 6.0, 3.0, 5.0, 5.0, 2.0, 8.0, 5.0, 3.0, 3.0, 5.0, 5.0, 2.0, 4.0, 7.0, 0.0, 6.0, 1.0, 6.0, 3.0, 1.0, 5.0, 6.0, 16995.0, 0.0, 0.0]
[6.0, 1.0, 4.0, 5.0, 7.0, 5.0, 4.0, 1.0, 2.0, 7.0, 2.0, 0.0, 1.0, 0.0, 8.0, 6.0, 2.0, 7.0, 0.0, 5.0, 1.0, 0.0, 7.0, 1.0, 4.0, 0.0, 5.0, 7.0, 7.0, 8.0, 4.0, 8.0, 0.0, 5.0, 0.0, 3.0, 3.0, 2050.0, 8.0, 2.0, 5.0, 0.0, 4.0, 2.0, 6.0, 0.0, 7.0, 6.0, 0.0, 0.0, 7.0, 5.0, 0.0, 8.0, 3.0, 7.0, 4.0, 4.0, 8.0, 3.0, 0.0, 5.0, 2.0, 8.0, 7.0, 3.0, 1.0, 5.0, 6.0, 6.0, 7.0, 1.0, 1.0, 0.0, 3.0, 7.0, 0.0, 1.0, 4.0, 8.0, 0.0, 4.0, 4.0, 1.0, 8.0, 5.0, 4.0, 2.0, 2.0, 3.0, 7.0, 0.0, 0.0, 1.0, 7.0, 8.0, 2.0, 6.0, 2.0, 3.0, 4.0, 7.0, 5.0, 0.0, 1.0, 5.0, 3.0, 2.0, 0.0, 8.0, 8.0, 7.0, 8.0, 4.0, 2.0, 1.0, 0.0, 4.0, 3.0, 1.0, 5.0, 8.0, 1.0, 1.0, 5.0, 7.0, 7.0, 6.0, 12741.0, 0.0, 0.0]
[8.0, 2.0, 7.0, 7.0, 6.0, 4.0, 1.0, 6.0, 0.0, 5.0, 1.0, 2.0, 8.0, 7.0, 1.0, 8.0, 1.0, 7.0, 1.0, 8.0, 3.0, 8.0, 8.0, 6.0, 0.0, 1.0, 6.0, 5.0, 8.0, 4.0, 2.0, 2.0, 6.0, 4.0, 7.0, 6.0, 8.0, 2.0, 2039.0, 4.0, 6.0, 6.0, 8.0, 8.0, 4.0, 2.0, 5.0, 4.0, 4.0, 4.0, 1.0, 2.0, 1.0, 4.0, 2.0, 7.0, 3.0, 5.0, 3.0, 3.0, 4.0, 5.0, 3.0, 8.0, 7.0, 7.0, 0.0, 0.0, 1.0, 1.0, 3.0, 7.0, 3.0, 6.0, 6.0, 5.0, 4.0, 0.0, 6.0, 1.0, 1.0, 1.0, 3.0, 8.0, 1.0, 4.0, 0.0, 4.0, 5.0, 6.0, 5.0, 1.0, 3.0, 1.0, 4.0, 4.0, 8.0, 4.0, 7.0, 5.0, 4.0, 6.0, 4.0, 1.0, 2.0, 6.0, 6.0, 4.0, 4.0, 3.0, 6.0, 0.0, 2.0, 6.0, 5.0, 2.0, 1.0, 6.0, 4.0, 2.0, 0.0, 6.0, 2.0, 2.0, 1.0, 4.0, 6.0, 2.0, 4777.0, 0.0, 0.0]
[0.0, 1.0, 5.0, 6.0, 7.0, 5.0, 4.0, 5.0, 6.0, 1.0, 2.0, 7.0, 6.0, 3.0, 1.0, 7.0, 4.0, 0.0, 6.0, 4.0, 5.0, 2.0, 8.0, 3.0, 4.0, 5.0, 6.0, 7.0, 7.0, 6.0, 0.0, 5.0, 5.0, 1.0, 3.0, 3.0, 2.0, 7.0, 3.0, 2329.0, 8.0, 6.0, 4.0, 4.0, 3.0, 1.0, 1.0, 7.0, 5.0, 7.0, 2.0, 2.0, 0.0, 7.0, 2.0, 4.0, 4.0, 8.0, 2.0, 0.0, 1.0, 6.0, 8.0, 0.0, 4.0, 5.0, 3.0, 6.0, 4.0, 7.0, 2.0, 6.0, 5.0, 7.0, 3.0, 6.0, 4.0, 0.0, 4.0, 3.0, 3.0, 8.0, 8.0, 0.0, 0.0, 1.0, 3.0, 5.0, 0.0, 2.0, 0.0, 3.0, 1.0, 5.0, 2.0, 3.0, 7.0, 2.0, 6.0, 7.0, 3.0, 5.0, 4.0, 5.0, 0.0, 8.0, 2.0, 8.0, 6.0, 7.0, 1.0, 6.0, 6.0, 5.0, 3.0, 7.0, 3.0, 8.0, 0.0, 7.0, 7.0, 8.0, 7.0, 6.0, 7.0, 1.0, 6.0, 2.0, 21514.0, 0.0, 0.0]
[3.0, 2.0, 2.0, 4.0, 1.0, 7.0, 3.0, 0.0, 4.0, 0.0, 4.0, 6.0, 5.0, 4.0, 5.0, 0.0, 7.0, 1.0, 7.0, 4.0, 1.0, 5.0, 3.0, 7.0, 3.0, 1.0, 6.0, 2.0, 8.0, 5.0, 2.0, 0.0, 7.0, 0.0, 1.0, 1.0, 1.0, 5.0, 2.0, 8.0, 2390.0, 1.0, 3.0, 8.0, 6.0, 0.0, 6.0, 7.0, 7.0, 5.0, 1.0, 4.0, 1.0, 7.0, 5.0, 1.0, 6.0, 2.0, 3.0, 0.0, 0.0, 1.0, 8.0, 0.0, 0.0, 7.0, 3.0, 3.0, 4.0, 0.0, 3.0, 2.0, 3.0, 0.0, 7.0, 4.0, 4.0, 8.0, 4.0, 0.0, 8.0, 6.0, 2.0, 2.0, 1.0, 0.0, 8.0, 1.0, 0.0, 0.0, 6.0, 8.0, 6.0, 6.0, 7.0, 7.0, 1.0, 8.0, 2.0, 8.0, 3.0, 7.0, 5.0, 5.0, 6.0, 6.0, 0.0, 4.0, 0.0, 6.0, 7.0, 7.0, 3.0, 8.0, 3.0, 5.0, 6.0, 8.0, 1.0, 7.0, 2.0, 5.0, 4.0, 8.0, 0.0, 1.0, 2.0, 6.0, 14582.0, 0.0, 0.0]
[4.0, 0.0, 0.0, 8.0, 3.0, 5.0, 5.0, 2.0, 6.0, 8.0, 7.0, 7.0, 7.0, 5.0, 1.0, 6.0, 1.0, 8.0, 8.0, 4.0, 0.0, 7.0, 6.0, 5.0, 7.0, 1.0, 4.0, 4.0, 1.0, 2.0, 1.0, 4.0, 3.0, 0.0, 2.0, 1.0, 8.0, 1.0, 4.0, 6.0, 7.0, 1672.0, 6.0, 7.0, 1.0, 3.0, 4.0, 6.0, 6.0, 5.0, 4.0, 8.0, 1.0, 1.0, 2.0, 0.0, 3.0, 4.0, 0.0, 6.0, 3.0, 6.0, 3.0, 7.0, 1.0, 5.0, 5.0, 5.0, 7.0, 4.0, 7.0, 6.0, 5.0, 7.0, 0.0, 3.0, 4.0, 1.0, 1.0, 1.0, 1.0, 2.0, 1.0, 8.0, 5.0, 4.0, 7.0, 7.0, 6.0, 3.0, 7.0, 3.0, 5.0, 8.0, 6.0, 6.0, 2.0, 0.0, 5.0, 6.0, 4.0, 7.0, 5.0, 2.0, 8.0, 2.0, 7.0, 8.0, 0.0, 8.0, 2.0, 7.0, 7.0, 5.0, 6.0, 3.0, 5.0, 5.0, 3.0, 5.0, 0.0, 7.0, 2.0, 5.0, 2.0, 8.0, 6.0, 8.0, 6378.0, 0.0, 0.0]
[0.0, 0.0, 8.0, 0.0, 7.0, 2.0, 6.0, 0.0, 3.0, 8.0, 6.0, 0.0, 6.0, 1.0, 2.0, 7.0, 3.0, 6.0, 2.0, 2.0, 7.0, 7.0, 8.0, 1.0, 4.0, 0.0, 4.0, 0.0, 0.0, 6.0, 4.0, 4.0, 5.0, 6.0, 3.0, 0.0, 8.0, 8.0, 5.0, 8.0, 2.0, 4.0, 1380.0, 8.0, 1.0, 6.0, 3.0, 2.0, 8.0, 5.0, 4.0, 1.0, 2.0, 1.0, 4.0, 2.0, 5.0, 7.0, 7.0, 3.0, 1.0, 0.0, 5.0, 6.0, 7.0, 7.0, 6.0, 7.0, 6.0, 6.0, 6.0, 4.0, 0.0, 3.0, 4.0, 2.0, 5.0, 7.0, 7.0, 6.0, 0.0, 8.0, 2.0, 5.0, 6.0, 5.0, 5.0, 5.0, 7.0, 5.0, 2.0, 1.0, 1.0, 1.0, 5.0, 8.0, 0.0, 2.0, 0.0, 6.0, 8.0, 5.0, 0.0, 4.0, 3.0, 6.0, 8.0, 3.0, 1.0, 7.0, 8.0, 2.0, 2.0, 1.0, 7.0, 7.0, 0.0, 1.0, 4.0, 2.0, 8.0, 2.0, 3.0, 8.0, 4.0, 2.0, 6.0, 1.0, 6884.0, 0.0, 0.0]
[4.0, 0.0, 6.0, 7.0, 7.0, 5.0, 5.0, 2.0, 1.0, 3.0, 8.0, 4.0, 6.0, 1.0, 1.0, 7.0, 8.0, 6.0, 1.0, 0.0, 5.0, 7.0, 0.0, 3.0, 4.0, 7.0, 0.0, 6.0, 0.0, 2.0, 5.0, 5.0, 7.0, 3.0, 8.0, 0.0, 2.0, 6.0, 3.0, 1.0, 4.0, 0.0, 0.0, 2328.0, 3.0, 3.0, 3.0, 0.0, 2.0, 1.0, 2.0, 3.0, 2.0, 4.0, 1.0, 2.0, 5.0, 0.0, 3.0, 7.0, 4.0, 5.0, 8.0, 8.0, 7.0, 8.0, 0.0, 7.0, 5.0, 5.0, 3.0, 5.0, 3.0, 6.0, 6.0, 8.0, 1.0, 8.0, 4.0, 6.0, 6.0, 6.0, 6.0, 0.0, 4.0, 7.0, 6.0, 3.0, 1.0, 5.0, 8.0, 8.0, 0.0, 2.0, 0.0, 2.0, 6.0, 6.0, 0.0, 3.0, 2.0, 1.0, 4.0, 5.0, 6.0, 3.0, 3.0, 7.0, 0.0, 4.0, 7.0, 5.0, 8.0, 1.0, 5.0, 3.0, 3.0, 8.0, 8.0, 6.0, 4.0, 4.0, 1.0, 3.0, 8.0, 0.0, 1.0, 0.0, 18914.0, 0.0, 0.0]
[5.0, 5.0, 5.0, 8.0, 6.0, 6.0, 6.0, 0.0, 2.0, 2.0, 6.0, 3.0, 5.0, 1.0, 6.0, 2.0, 3.0, 2.0, 2.0, 6.0, 5.0, 4.0, 0.0, 2.0, 2.0, 6.0, 1.0, 5.0, 1.0, 5.0, 4.0, 1.0, 8.0, 6.0, 0.0, 1.0, 7.0, 2.0, 7.0, 5.0, 0.0, 2.0, 3.0, 1.0, 2255.0, 3.0, 4.0, 0.0, 6.0, 7.0, 0.0, 6.0, 2.0, 6.0, 6.0, 3.0, 0.0, 3.0, 0.0, 8.0, 2.0, 5.0, 1.0, 6.0, 2.0, 8.0, 5.0, 0.0, 7.0, 4.0, 4.0, 0.0, 3.0, 1.0, 5.0, 3.0, 3.0, 8.0, 0.0, 2.0, 2.0, 0.0, 1.0, 7.0, 1.0, 5.0, 0.0, 5.0, 3.0, 6.0, 0.0, 2.0, 3.0, 1.0, 5.0, 7.0, 8.0, 3.0, 4.0, 7.0, 3.0, 1.0, 5.0, 2.0, 4.0, 5.0, 7.0, 4.0, 4.0, 3.0, 8.0, 4.0, 6.0, 7.0, 3.0, 1.0, 5.0, 3.0, 5.0, 5.0, 4.0, 8.0, 4.0, 8.0, 7.0, 8.0, 4.0, 1.0, 22772.0, 0.0, 0.0]
[5.0, 1.0, 5.0, 0.0, 6.0, 1.0, 5.0, 6.0, 0.0, 4.0, 4.0, 6.0, 0.0, 4.0, 6.0, 4.0, 0.0, 1.0, 2.0, 4.0, 4.0, 8.0, 4.0, 0.0, 6.0, 2.0, 6.0, 1.0, 8.0, 0.0, 0.0, 4.0, 7.0, 4.0, 8.0, 0.0, 2.0, 5.0, 8.0, 8.0, 3.0, 1.0, 6.0, 2.0, 7.0, 2129.0, 6.0, 2.0, 0.0, 1.0, 8.0, 5.0, 3.0, 8.0, 5.0, 6.0, 8.0, 2.0, 7.0, 7.0, 0.0, 4.0, 7.0, 3.0, 8.0, 1.0, 6.0, 7.0, 7.0, 7.0, 7.0, 5.0, 5.0, 0.0, 3.0, 6.0, 2.0, 0.0, 1.0, 7.0, 5.0, 6.0, 8.0, 7.0, 3.0, 5.0, 6.0, 5.0, 7.0, 1.0, 4.0, 5.0, 5.0, 2.0, 5.0, 5.0, 6.0, 3.0, 5.0, 4.0, 2.0, 1.0, 8.0, 7.0, 7.0, 8.0, 4.0, 6.0, 6.0, 6.0, 7.0, 6.0, 3.0, 7.0, 5.0, 2.0, 1.0, 3.0, 7.0, 4.0, 1.0, 5.0, 4.0, 3.0, 0.0, 8.0, 7.0, 1.0, 13601.0, 0.0, 0.0]
[3.0, 8.0, 1.0, 0.0, 0.0, 5.0, 4.0, 3.0, 3.0, 4.0, 5.0, 7.0, 8.0, 7.0, 0.0, 7.0, 6.0, 8.0, 6.0, 0.0, 2.0, 2.0, 7.0, 2.0, 5.0, 2.0, 5.0, 5.0, 8.0, 5.0, 2.0, 5.0, 1.0, 7.0, 2.0, 1.0, 7.0, 3.0, 1.0, 4.0, 4.0, 2.0, 2.0, 2.0, 8.0, 8.0, 2055.0, 8.0, 0.0, 8.0, 5.0, 8.0, 8.0, 2.0, 7.0, 0.0, 6.0, 1.0, 7.0, 8.0, 4.0, 4.0, 2.0, 6.0, 2.0, 4.0, 6.0, 6.0, 8.0, 3.0, 5.0, 5.0, 8.0, 7.0, 2.0, 3.0, 0.0, 1.0, 6.0, 0.0, 1.0, 5.0, 8.0, 1.0, 1.0, 0.0, 3.0, 7.0, 0.0, 6.0, 8.0, 0.0, 4.0, 6.0, 4.0, 8.0, 8.0, 6.0, 5.0, 7.0, 5.0, 3.0, 6.0, 3.0, 4.0, 5.0, 4.0, 5.0, 4.0, 6.0, 8.0, 6.0, 8.0, 3.0, 5.0, 7.0, 3.0, 8.0, 2.0, 2.0, 0.0, 5.0, 3.0, 3.0, 5.0, 0.0, 5.0, 4.0, 21575.0, 0.0, 0.0]
[1.0, 7.0, 6.0, 2.0, 0.0, 6.0, 1.0, 2.0, 6.0, 6.0, 2.0, 0.0, 7.0, 8.0, 4.0, 1.0, 1.0, 6.0, 8.0, 8.0, 1.0, 6.0, 8.0, 0.0, 5.0, 6.0, 5.0, 6.0, 8.0, 5.0, 8.0, 8.0, 4.0, 2.0, 3.0, 5.0, 3.0, 1.0, 4.0, 0.0, 8.0, 1.0, 7.0, 0.0, 4.0, 6.0, 4.0, 1573.0, 0.0, 2.0, 8.0, 5.0, 2.0, 0.0, 2.0, 5.0, 7.0, 2.0, 5.0, 8.0, 0.0, 0.0, 0.0, 2.0, 4.0, 5.0, 8.0, 5.0, 4.0, 0.0, 3.0, 5.0, 4.0, 5.0, 1.0, 0.0, 6.0, 1.0, 4.0, 1.0, 8.0, 4.0, 8.0, 7.0, 3.0, 5.0, 1.0, 5.0, 2.0, 6.0, 1.0, 4.0, 6.0, 0.0, 6.0, 0.0, 2.0, 4.0, 8.0, 5.0, 6.0, 2.0, 7.0, 0.0, 1.0, 2.0, 2.0, 8.0, 1.0, 3.0, 7.0, 8.0, 7.0, 2.0, 5.0, 0.0, 3.0, 0.0, 8.0, 2.0, 5.0, 5.0, 1.0, 1.0, 3.0, 0.0, 6.0, 0.0, 12088.0, 0.0, 0.0]
[6.0, 0.0, 3.0, 2.0, 4.0, 2.0, 7.0, 5.0, 4.0, 4.0, 4.0, 8.0, 6.0, 2.0, 8.0, 8.0, 3.0, 4.0, 4.0, 6.0, 0.0, 2.0, 0.0, 5.0, 3.0, 8.0, 4.0, 2.0, 3.0, 5.0, 3.0, 7.0, 3.0, 1.0, 4.0, 6.0, 6.0, 2.0, 3.0, 3.0, 5.0, 6.0, 8.0, 0.0, 7.0, 1.0, 0.0, 6.0, 2384.0, 2.0, 4.0, 8.0, 0.0, 7.0, 2.0, 4.0, 1.0, 0.0, 0.0, 5.0, 2.0, 4.0, 6.0, 2.0, 8.0, 1.0, 2.0, 0.0, 1.0, 4.0, 1.0, 4.0, 7.0, 6.0, 6.0, 3.0, 2.0, 7.0, 0.0, 8.0, 1.0, 8.0, 1.0, 1.0, 2.0, 5.0, 4.0, 5.0, 8.0, 8.0, 4.0, 1.0, 2.0, 5.0, 0.0, 0.0, 8.0, 7.0, 0.0, 3.0, 3.0, 1.0, 6.0, 2.0, 1.0, 6.0, 6.0, 1.0, 8.0, 2.0, 7.0, 1.0, 8.0, 5.0, 3.0, 3.0, 0.0, 0.0, 3.0, 7.0, 0.0, 2.0, 5.0, 8.0, 6.0, 2.0, 0.0, 2.0, 21513.0, 0.0, 0.0]
[7.0, 4.0, 3.0, 4.0, 3.0, 8.0, 1.0, 7.0, 1.0, 1.0, 0.0, 6.0, 4.0, 4.0, 3.0, 2.0, 2.0, 6.0, 5.0, 0.0, 6.0, 0.0, 6.0, 1.0, 2.0, 1.0, 0.0, 2.0, 7.0, 8.0, 3.0, 5.0, 2.0, 0.0, 2.0, 7.0, 5.0, 0.0, 8.0, 4.0, 0.0, 5.0, 7.0, 0.0, 5.0, 7.0, 4.0, 4.0, 7.0, 1958.0, 8.0, 8.0, 2.0, 1.0, 4.0, 4.0, 8.0, 1.0, 4.0, 2.0, 2.0, 0.0, 6.0, 1.0, 3.0, 6.0, 0.0, 1.0, 3.0, 4.0, 2.0, 0.0, 2.0, 0.0, 5.0, 5.0, 6.0, 7.0, 5.0, 1.0, 4.0, 5.0, 0.0, 8.0, 3.0, 8.0, 3.0, 6.0, 5.0, 1.0, 7.0, 4.0, 8.0, 0.0, 8.0, 8.0, 4.0, 7.0, 0.0, 5.0, 5.0, 0.0, 7.0, 2.0, 7.0, 4.0, 8.0, 8.0, 4.0, 8.0, 7.0, 1.0, 0.0, 1.0, 5.0, 1.0, 7.0, 5.0, 7.0, 1.0, 1.0, 0.0, 4.0, 5.0, 3.0, 7.0, 5.0, 5.0, 12494.0, 0.0, 0.0]
[2.0, 3.0, 0.0, 0.0, 0.0, 1.0, 5.0, 1.0, 4.0, 2.0, 4.0, 3.0, 2.0, 7.0, 1.0, 4.0, 2.0, 2.0, 8.0, 1.0, 7.0, 7.0, 3.0, 6.0, 0.0, 2.0, 3.0, 7.0, 5.0, 0.0, 4.0, 7.0, 6.0, 6.0, 4.0, 8.0, 8.0, 2.0, 6.0, 0.0, 4.0, 0.0, 2.0, 1.0, 5.0, 8.0, 3.0, 0.0, 0.0, 6.0, 1288.0, 4.0, 0.0, 0.0, 6.0, 5.0, 3.0, 3.0, 8.0, 0.0, 6.0, 6.0, 0.0, 0.0, 1.0, 1.0, 6.0, 4.0, 3.0, 4.0, 8.0, 1.0, 4.0, 3.0, 5.0, 2.0, 4.0, 5.0, 2.0, 5.0, 2.0, 6.0, 0.0, 8.0, 7.0, 2.0, 4.0, 8.0, 2.0, 6.0, 2.0, 3.0, 6.0, 2.0, 2.0, 1.0, 7.0, 2.0, 0.0, 6.0, 2.0, 5.0, 8.0, 4.0, 4.0, 7.0, 6.0, 4.0, 7.0, 6.0, 3.0, 8.0, 2.0, 0.0, 8.0, 2.0, 4.0, 0.0, 4.0, 0.0, 8.0, 1.0, 2.0, 7.0, 1.0, 7.0, 1.0, 3.0, 14148.0, 0.0, 0.0]
[3.0, 2.0, 5.0, 5.0, 2.0, 8.0, 0.0, 5.0, 5.0, 2.0, 4.0, 5.0, 1.0, 8.0, 0.0, 8.0, 0.0, 4.0, 1.0, 5.0, 3.0, 2.0, 7.0, 2.0, 7.0, 6.0, 8.0, 5.0, 1.0, 8.0, 5.0, 8.0, 1.0, 5.0, 7.0, 7.0, 5.0, 3.0, 1.0, 6.0, 4.0, 6.0, 3.0, 0.0, 1.0, 1.0, 0.0, 1.0, 4.0, 4.0, 6.0, 1765.0, 6.0, 3.0, 3.0, 7.0, 0.0, 8.0, 5.0, 8.0, 6.0, 8.0, 6.0, 3.0, 4.0, 2.0, 7.0, 6.0, 7.0, 8.0, 0.0, 1.0, 5.0, 1.0, 4.0, 2.0, 1.0, 2.0, 6.0, 1.0, 3.0, 0.0, 8.0, 3.0, 6.0, 1.0, 2.0, 4.0, 0.0, 6.0, 5.0, 7.0, 7.0, 5.0, 4.0, 4.0, 2.0, 2.0, 3.0, 3.0, 0.0, 4.0, 8.0, 8.0, 7.0, 6.0, 4.0, 0.0, 5.0, 7.0, 2.0, 3.0, 0.0, 2.0, 7.0, 5.0, 1.0, 1.0, 4.0, 8.0, 1.0, 3.0, 0.0, 5.0, 5.0, 4.0, 7.0, 8.0, 8159.0, 0.0, 0.0]
[7.0, 1.0, 5.0, 5.0, 5.0, 1.0, 6.0, 2.0, 8.0, 1.0, 6.0, 0.0, 6.0, 3.0, 1.0, 8.0, 6.0, 8.0, 4.0, 2.0, 7.0, 6.0, 1.0, 8.0, 8.0, 7.0, 8.0, 3.0, 7.0, 2.0, 2.0, 6.0, 1.0, 3.0, 1.0, 7.0, 0.0, 6.0, 8.0, 6.0, 4.0, 5.0, 2.0, 2.0, 5.0, 1.0, 2.0, 1.0, 7.0, 2.0, 5.0, 4.0, 1613.0, 6.0, 7.0, 7.0, 8.0, 6.0, 2.0, 6.0, 6.0, 5.0, 0.0, 2.0, 5.0, 8.0, 8.0, 4.0, 1.0, 0.0, 3.0, 5.0, 3.0, 7.0, 8.0, 7.0, 3.0, 6.0, 2.0, 3.0, 0.0, 5.0, 2.0, 5.0, 3.0, 5.0, 6.0, 4.0, 3.0, 5.0, 4.0, 1.0, 2.0, 0.0, 0.0, 3.0, 0.0, 4.0, 7.0, 4.0, 4.0, 3.0, 1.0, 0.0, 7.0, 6.0, 2.0, 3.0, 0.0, 6.0, 6.0, 5.0, 5.0, 6.0, 5.0, 6.0, 1.0, 0.0, 3.0, 3.0, 2.0, 3.0, 8.0, 2.0, 0.0, 1.0, 3.0, 0.0, 17201.0, 0.0, 0.0]
[3.0, 7.0, 3.0, 8.0, 1.0, 4.0, 2.0, 8.0, 6.0, 7.0, 8.0, 6.0, 1.0, 7.0, 1.0, 2.0, 2.0, 4.0, 8.0, 6.0, 8.0, 4.0, 4.0, 2.0, 3.0, 2.0, 8.0, 8.0, 0.0, 1.0, 1.0, 7.0, 7.0, 3.0, 4.0, 7.0, 4.0, 0.0, 5.0, 8.0, 5.0, 8.0, 2.0, 0.0, 7.0, 1.0, 2.0, 3.0, 4.0, 7.0, 2.0, 7.0, 4.0, 2150.0, 1.0, 2.0, 5.0, 1.0, 8.0, 2.0, 2.0, 5.0, 4.0, 8.0, 8.0, 2.0, 2.0, 6.0, 2.0, 5.0, 2.0, 1.0, 2.0, 3.0, 8.0, 0.0, 7.0, 3.0, 7.0, 0.0, 6.0, 0.0, 6.0, 5.0, 4.0, 5.0, 5.0, 1.0, 5.0, 4.0, 5.0, 3.0, 0.0, 1.0, 6.0, 2.0, 7.0, 8.0, 0.0, 8.0, 5.0, 3.0, 2.0, 2.0, 4.0, 1.0, 6.0, 2.0, 8.0, 0.0, 7.0, 1.0, 4.0, 1.0, 2.0, 1.0, 8.0, 8.0, 3.0, 2.0, 8.0, 8.0, 5.0, 7.0, 7.0, 1.0, 4.0, 0.0, 11337.0, 0.0, 0.0]
[2.0, 4.0, 5.0, 1.0, 7.0, 1.0, 7.0, 4.0, 7.0, 4.0, 5.0, 6.0, 0.0, 0.0, 7.0, 2.0, 8.0, 7.0, 2.0, 6.0, 8.0, 4.0, 2.0, 5.0, 2.0, 4.0, 2.0, 7.0, 6.0, 0.0, 6.0, 4.0, 0.0, 0.0, 3.0, 5.0, 4.0, 2.0, 8.0, 0.0, 1.0, 3.0, 0.0, 2.0, 1.0, 2.0, 3.0, 0.0, 3.0, 0.0, 3.0, 0.0, 8.0, 4.0, 1471.0, 6.0, 5.0, 0.0, 5.0, 5.0, 6.0, 7.0, 2.0, 3.0, 6.0, 3.0, 8.0, 3.0, 7.0, 0.0, 2.0, 0.0, 2.0, 8.0, 6.0, 8.0, 1.0, 7.0, 1.0, 2.0, 5.0, 1.0, 5.0, 3.0, 1.0, 3.0, 4.0, 8.0, 6.0, 8.0, 8.0, 8.0, 3.0, 2.0, 0.0, 4.0, 7.0, 8.0, 5.0, 2.0, 5.0, 2.0, 0.0, 3.0, 2.0, 1.0, 4.0, 1.0, 3.0, 5.0, 3.0, 1.0, 4.0, 4.0, 7.0, 6.0, 3.0, 0.0, 5.0, 8.0, 8.0, 0.0, 6.0, 6.0, 4.0, 3.0, 2.0, 5.0, 11423.0, 0.0, 0.0]
[2.0, 4.0, 7.0, 2.0, 3.0, 1.0, 1.0, 3.0, 5.0, 4.0, 3.0, 2.0, 0.0, 6.0, 1.0, 1.0, 8.0, 5.0, 0.0, 6.0, 2.0, 2.0, 1.0, 6.0, 1.0, 2.0, 4.0, 3.0, 3.0, 8.0, 8.0, 5.0, 0.0, 0.0, 3.0, 4.0, 6.0, 6.0, 7.0, 2.0, 1.0, 1.0, 7.0, 8.0, 4.0, 3.0, 3.0, 0.0, 2.0, 2.0, 0.0, 4.0, 1.0, 4.0, 7.0, 1928.0, 8.0, 4.0, 7.0, 0.0, 3.0, 1.0, 6.0, 0.0, 3.0, 6.0, 8.0, 0.0, 6.0, 3.0, 6.0, 0.0, 4.0, 0.0, 4.0, 3.0, 1.0, 0.0, 5.0, 3.0, 6.0, 4.0, 0.0, 5.0, 2.0, 8.0, 8.0, 1.0, 4.0, 6.0, 1.0, 5.0, 0.0, 2.0, 0.0, 0.0, 2.0, 7.0, 4.0, 2.0, 7.0, 5.0, 7.0, 1.0, 5.0, 3.0, 6.0, 6.0, 4.0, 8.0, 4.0, 5.0, 7.0, 6.0, 3.0, 8.0, 5.0, 4.0, 8.0, 8.0, 4.0, 4.0, 4.0, 1.0, 5.0, 7.0, 5.0, 8.0, 18018.0, 0.0, 0.0]
[1.0, 7.0, 8.0, 3.0, 0.0, 3.0, 4.0, 7.0, 4.0, 8.0, 2.0, 7.0, 4.0, 1.0, 7.0, 5.0, 1.0, 0.0, 0.0, 3.0, 7.0, 4.0, 7.0, 6.0, 0.0, 6.0, 3.0, 3.0, 5.0, 0.0, 8.0, 1.0, 1.0, 1.0, 8.0, 0.0, 1.0, 0.0, 8.0, 0.0, 0.0, 5.0, 8.0, 1.0, 7.0, 1.0, 6.0, 1.0, 4.0, 0.0, 4.0, 2.0, 3.0, 5.0, 1.0, 7.0, 2495.0, 8.0, 7.0, 0.0, 1.0, 6.0, 8.0, 5.0, 8.0, 4.0, 0.0, 0.0, 5.0, 1.0, 1.0, 7.0, 5.0, 7.0, 1.0, 8.0, 0.0, 3.0, 1.0, 5.0, 1.0, 3.0, 1.0, 5.0, 1.0, 7.0, 3.0, 1.0, 5.0, 0.0, 8.0, 3.0, 4.0, 6.0, 0.0, 1.0, 8.0, 8.0, 1.0, 8.0, 2.0, 1.0, 4.0, 0.0, 6.0, 5.0, 5.0, 1.0, 4.0, 3.0, 3.0, 8.0, 8.0, 6.0, 0.0, 6.0, 5.0, 3.0, 2.0, 6.0, 1.0, 6.0, 8.0, 3.0, 7.0, 7.0, 7.0, 7.0, 12612.0, 0.0, 0.0]
[6.0, 8.0, 0.0, 1.0, 4.0, 5.0, 1.0, 0.0, 7.0, 7.0, 1.0, 4.0, 2.0, 7.0, 6.0, 2.0, 5.0, 0.0, 0.0, 7.0, 8.0, 6.0, 7.0, 2.0, 1.0, 6.0, 2.0, 8.0, 0.0, 1.0, 8.0, 5.0, 5.0, 4.0, 0.0, 6.0, 2.0, 3.0, 8.0, 5.0, 0.0, 5.0, 2.0, 7.0, 3.0, 4.0, 6.0, 1.0, 4.0, 3.0, 5.0, 7.0, 0.0, 4.0, 2.0, 1.0, 5.0, 2431.0, 5.0, 4.0, 2.0, 4.0, 3.0, 7.0, 2.0, 5.0, 2.0, 0.0, 5.0, 3.0, 4.0, 6.0, 7.0, 4.0, 7.0, 4.0, 4.0, 1.0, 5.0, 6.0, 7.0, 3.0, 0.0, 3.0, 1.0, 3.0, 2.0, 8.0, 3.0, 2.0, 0.0, 3.0, 6.0, 6.0, 4.0, 4.0, 4.0, 6.0, 7.0, 0.0, 1.0, 2.0, 2.0, 6.0, 6.0, 6.0, 1.0, 6.0, 8.0, 0.0, 1.0, 6.0, 0.0, 2.0, 4.0, 4.0, 4.0, 6.0, 6.0, 5.0, 5.0, 6.0, 4.0, 7.0, 3.0, 3.0, 0.0, 6.0, 14757.0, 0.0, 0.0]
[2.0, 4.0, 1.0, 0.0, 2.0, 8.0, 0.0, 7.0, 4.0, 6.0, 4.0, 8.0, 1.0, 2.0, 0.0, 6.0, 6.0, 2.0, 1.0, 7.0, 7.0, 4.0, 5.0, 3.0, 7.0, 0.0, 6.0, 2.0, 0.0, 2.0, 3.0, 1.0, 4.0, 7.0, 1.0, 0.0, 0.0, 1.0, 0.0, 2.0, 2.0, 1.0, 5.0, 8.0, 6.0, 4.0, 4.0, 6.0, 4.0, 2.0, 6.0, 8.0, 1.0, 5.0, 7.0, 1.0, 1.0, 2.0, 1602.0, 2.0, 2.0, 0.0, 1.0, 3.0, 1.0, 3.0, 6.0, 0.0, 0.0, 2.0, 1.0, 5.0, 3.0, 4.0, 6.0, 8.0, 4.0, 6.0, 3.0, 5.0, 5.0, 3.0, 6.0, 0.0, 0.0, 7.0, 8.0, 6.0, 7.0, 8.0, 0.0, 7.0, 0.0, 1.0, 6.0, 8.0, 0.0, 1.0, 4.0, 6.0, 6.0, 1.0, 3.0, 7.0, 2.0, 8.0, 4.0, 8.0, 0.0, 6.0, 2.0, 4.0, 3.0, 5.0, 8.0, 7.0, 2.0, 5.0, 3.0, 6.0, 0.0, 0.0, 6.0, 4.0, 6.0, 2.0, 4.0, 5.0, 7313.0, 0.0, 0.0]
[0.0, 5.0, 6.0, 8.0, 0.0, 1.0, 4.0, 0.0, 7.0, 7.0, 5.0, 8.0, 4.0, 4.0, 7.0, 6.0, 0.0, 1.0, 7.0, 8.0, 4.0, 6.0, 6.0, 8.0, 5.0, 6.0, 3.0, 3.0, 5.0, 0.0, 5.0, 7.0, 0.0, 0.0, 7.0, 0.0, 5.0, 4.0, 7.0, 0.0, 4.0, 0.0, 3.0, 7.0, 0.0, 2.0, 3.0, 4.0, 7.0, 8.0, 3.0, 7.0, 8.0, 7.0, 8.0, 2.0, 4.0, 1.0, 5.0, 1683.0, 0.0, 1.0, 7.0, 2.0, 8.0, 4.0, 3.0, 5.0, 5.0, 4.0, 2.0, 8.0, 5.0, 2.0, 6.0, 2.0, 6.0, 5.0, 8.0, 2.0, 1.0, 8.0, 1.0, 2.0, 3.0, 3.0, 1.0, 8.0, 2.0, 2.0, 2.0, 3.0, 0.0, 4.0, 8.0, 3.0, 8.0, 4.0, 0.0, 7.0, 8.0, 6.0, 0.0, 7.0, 3.0, 2.0, 6.0, 1.0, 3.0, 4.0, 8.0, 0.0, 3.0, 1.0, 0.0, 2.0, 7.0, 7.0, 5.0, 3.0, 4.0, 1.0, 5.0, 0.0, 5.0, 8.0, 5.0, 6.0, 6203.0, 0.0, 0.0]
[8.0, 0.0, 2.0, 1.0, 2.0, 6.0, 8.0, 7.0, 0.0, 1.0, 0.0, 1.0, 1.0, 6.0, 8.0, 7.0, 5.0, 0.0, 1.0, 4.0, 6.0, 4.0, 7.0, 7.0, 3.0, 2.0, 5.0, 6.0, 8.0, 6.0, 0.0, 1.0, 4.0, 0.0, 4.0, 0.0, 3.0, 5.0, 6.0, 3.0, 3.0, 2.0, 8.0, 0.0, 4.0, 8.0, 0.0, 7.0, 1.0, 8.0, 1.0, 8.0, 3.0, 0.0, 4.0, 8.0, 6.0, 4.0, 0.0, 3.0, 1469.0, 5.0, 1.0, 1.0, 1.0, 3.0, 2.0, 3.0, 8.0, 0.0, 6.0, 8.0, 0.0, 8.0, 6.0, 6.0, 4.0, 5.0, 3.0, 0.0, 6.0, 7.0, 3.0, 8.0, 7.0, 8.0, 0.0, 2.0, 2.0, 2.0, 7.0, 2.0, 3.0, 7.0, 5.0, 5.0, 5.0, 5.0, 1.0, 2.0, 3.0, 5.0, 1.0, 2.0, 4.0, 3.0, 7.0, 2.0, 6.0, 1.0, 8.0, 0.0, 6.0, 7.0, 8.0, 7.0, 5.0, 6.0, 5.0, 7.0, 4.0, 4.0, 1.0, 7.0, 8.0, 1.0, 8.0, 1.0, 14493.0, 0.0, 0.0]
[8.0, 3.0, 7.0, 4.0, 7.0, 7.0, 7.0, 2.0, 7.0, 8.0, 8.0, 1.0, 7.0, 5.0, 3.0, 7.0, 7.0, 8.0, 5.0, 2.0, 6.0, 1.0, 8.0, 2.0, 4.0, 7.0, 7.0, 5.0, 8.0, 1.0, 5.0, 2.0, 3.0, 1.0, 1.0, 4.0, 8.0, 5.0, 3.0, 1.0, 3.0, 1.0, 5.0, 7.0, 1.0, 3.0, 5.0, 0.0, 4.0, 2.0, 8.0, 0.0, 6.0, 8.0, 3.0, 2.0, 3.0, 2.0, 0.0, 7.0, 3.0, 2169.0, 1.0, 6.0, 1.0, 7.0, 5.0, 6.0, 4.0, 1.0, 8.0, 6.0, 4.0, 0.0, 2.0, 3.0, 8.0, 8.0, 5.0, 5.0, 1.0, 7.0, 7.0, 0.0, 2.0, 7.0, 0.0, 3.0, 8.0, 1.0, 0.0, 1.0, 3.0, 3.0, 1.0, 8.0, 7.0, 7.0, 0.0, 0.0, 7.0, 7.0, 8.0, 5.0, 2.0, 0.0, 6.0, 7.0, 2.0, 0.0, 6.0, 7.0, 7.0, 3.0, 5.0, 0.0, 6.0, 3.0, 6.0, 8.0, 3.0, 0.0, 1.0, 7.0, 8.0, 1.0, 7.0, 6.0, 9302.0, 0.0, 0.0]
[0.0, 0.0, 3.0, 0.0, 4.0, 7.0, 2.0, 0.0, 2.0, 0.0, 6.0, 2.0, 0.0, 1.0, 1.0, 1.0, 6.0, 7.0, 1.0, 2.0, 6.0, 7.0, 2.0, 2.0, 1.0, 4.0, 0.0, 5.0, 7.0, 8.0, 8.0, 2.0, 1.0, 3.0, 5.0, 0.0, 6.0, 7.0, 5.0, 1.0, 8.0, 2.0, 2.0, 7.0, 4.0, 5.0, 8.0, 7.0, 2.0, 0.0, 2.0, 7.0, 7.0, 7.0, 7.0, 5.0, 1.0, 2.0, 2.0, 7.0, 1.0, 3.0, 1678.0, 5.0, 1.0, 8.0, 7.0, 3.0, 2.0, 5.0, 6.0, 4.0, 8.0, 2.0, 5.0, 5.0, 1.0, 1.0, 1.0, 5.0, 8.0, 1.0, 5.0, 7.0, 4.0, 6.0, 8.0, 1.0, 7.0, 4.0, 0.0, 0.0, 4.0, 6.0, 4.0, 6.0, 0.0, 5.0, 6.0, 3.0, 8.0, 1.0, 6.0, 6.0, 5.0, 0.0, 7.0, 6.0, 5.0, 6.0, 1.0, 3.0, 7.0, 0.0, 2.0, 5.0, 2.0, 2.0, 8.0, 0.0, 7.0, 6.0, 3.0, 1.0, 3.0, 2.0, 5.0, 3.0, 12714.0, 0.0, 0.0]
[2.0, 6.0, 3.0, 2.0, 4.0, 3.0, 0.0, 4.0, 6.0, 7.0, 2.0, 4.0, 5.0, 5.0, 6.0, 8.0, 6.0, 5.0, 4.0, 7.0, 7.0, 1.0, 3.0, 1.0, 3.0, 7.0, 7.0, 0.0, 2.0, 0.0, 7.0, 3.0, 5.0, 1.0, 2.0, 7.0, 6.0, 3.0, 6.0, 6.0, 4.0, 2.0, 8.0, 7.0, 6.0, 7.0, 0.0, 7.0, 4.0, 5.0, 6.0, 2.0, 7.0, 4.0, 0.0, 4.0, 4.0, 0.0, 1.0, 3.0, 7.0, 5.0, 6.0, 1719.0, 6.0, 0.0, 2.0, 1.0, 5.0, 8.0, 6.0, 4.0, 3.0, 8.0, 7.0, 0.0, 3.0, 0.0, 0.0, 2.0, 2.0, 3.0, 2.0, 2.0, 7.0, 0.0, 2.0, 2.0, 1.0, 5.0, 5.0, 7.0, 7.0, 1.0, 8.0, 2.0, 6.0, 8.0, 7.0, 4.0, 0.0, 4.0, 3.0, 0.0, 7.0, 4.0, 8.0, 0.0, 8.0, 7.0, 7.0, 5.0, 7.0, 8.0, 8.0, 0.0, 7.0, 0.0, 1.0, 2.0, 0.0, 6.0, 5.0, 8.0, 7.0, 2.0, 3.0, 5.0, 14936.0, 0.0, 0.0]
[3.0, 7.0, 5.0, 6.0, 3.0, 8.0, 2.0, 6.0, 2.0, 5.0, 3.0, 3.0, 0.0, 3.0, 6.0, 0.0, 5.0, 7.0, 1.0, 0.0, 1.0, 6.0, 6.0, 7.0, 5.0, 6.0, 6.0, 5.0, 8.0, 1.0, 2.0, 3.0, 6.0, 3.0, 1.0, 7.0, 2.0, 0.0, 3.0, 4.0, 7.0, 2.0, 0.0, 3.0, 5.0, 3.0, 0.0, 0.0, 1.0, 6.0, 6.0, 0.0, 7.0, 4.0, 6.0, 5.0, 2.0, 8.0, 5.0, 3.0, 1.0, 7.0, 0.0, 8.0, 2483.0, 7.0, 4.0, 8.0, 6.0, 5.0, 3.0, 0.0, 5.0, 3.0, 6.0, 6.0, 5.0, 5.0, 6.0, 4.0, 5.0, 2.0, 4.0, 8.0, 2.0, 2.0, 8.0, 5.0, 3.0, 4.0, 8.0, 0.0, 3.0, 2.0, 8.0, 4.0, 1.0, 6.0, 6.0, 7.0, 6.0, 7.0, 3.0, 2.0, 6.0, 4.0, 4.0, 3.0, 1.0, 3.0, 2.0, 7.0, 4.0, 3.0, 1.0, 2.0, 8.0, 1.0, 7.0, 8.0, 7.0, 6.0, 0.0, 7.0, 7.0, 1.0, 8.0, 8.0, 15267.0, 0.0, 0.0]
[3.0, 1.0, 1.0, 3.0, 7.0, 4.0, 2.0, 2.0, 2.0, 0.0, 6.0, 6.0, 7.0, 3.0, 8.0, 0.0, 5.0, 8.0, 1.0, 1.0, 3.0, 0.0, 7.0, 4.0, 6.0, 3.0, 3.0, 3.0, 8.0, 6.0, 7.0, 5.0, 1.0, 5.0, 2.0, 7.0, 5.0, 2.0, 2.0, 4.0, 3.0, 3.0, 6.0, 4.0, 5.0, 2.0, 8.0, 2.0, 7.0, 3.0, 6.0, 5.0, 0.0, 5.0, 1.0, 0.0, 7.0, 5.0, 2.0, 3.0, 2.0, 7.0, 8.0, 0.0, 6.0, 2347.0, 3.0, 8.0, 5.0, 4.0, 5.0, 4.0, 7.0, 8.0, 3.0, 2.0, 3.0, 6.0, 1.0, 7.0, 4.0, 7.0, 1.0, 3.0, 5.0, 4.0, 7.0, 6.0, 0.0, 8.0, 5.0, 4.0, 7.0, 0.0, 7.0, 2.0, 3.0, 0.0, 5.0, 5.0, 7.0, 1.0, 7.0, 5.0, 5.0, 2.0, 6.0, 5.0, 7.0, 7.0, 1.0, 5.0, 5.0, 7.0, 1.0, 4.0, 1.0, 2.0, 3.0, 6.0, 2.0, 6.0, 0.0, 3.0, 8.0, 0.0, 2.0, 7.0, 14640.0, 0.0, 0.0]
[8.0, 2.0, 3.0, 5.0, 7.0, 3.0, 6.0, 0.0, 0.0, 6.0, 7.0, 3.0, 3.0, 6.0, 2.0, 6.0, 5.0, 1.0, 2.0, 5.0, 5.0, 8.0, 1.0, 8.0, 1.0, 5.0, 1.0, 8.0, 7.0, 1.0, 8.0, 6.0, 0.0, 6.0, 6.0, 6.0, 2.0, 6.0, 6.0, 5.0, 0.0, 2.0, 3.0, 4.0, 3.0, 8.0, 7.0, 4.0, 4.0, 6.0, 0.0, 3.0, 8.0, 6.0, 8.0, 5.0, 1.0, 0.0, 6.0, 6.0, 2.0, 3.0, 8.0, 0.0, 4.0, 5.0, 2130.0, 0.0, 2.0, 8.0, 8.0, 7.0, 6.0, 3.0, 6.0, 8.0, 4.0, 0.0, 1.0, 6.0, 3.0, 6.0, 1.0, 4.0, 1.0, 2.0, 7.0, 7.0, 8.0, 4.0, 6.0, 1.0, 6.0, 0.0, 3.0, 1.0, 6.0, 0.0, 4.0, 6.0, 8.0, 6.0, 6.0, 5.0, 1.0, 8.0, 1.0, 3.0, 1.0, 1.0, 7.0, 0.0, 2.0, 2.0, 8.0, 6.0, 6.0, 1.0, 7.0, 3.0, 2.0, 6.0, 4.0, 3.0, 2.0, 8.0, 2.0, 0.0, 19799.0, 0.0, 0.0]
[7.0, 2.0, 7.0, 3.0, 0.0, 2.0, 1.0, 7.0, 0.0, 3.0, 7.0, 4.0, 8.0, 2.0, 1.0, 5.0, 5.0, 7.0, 0.0, 1.0, 6.0, 0.0, 3.0, 0.0, 0.0, 5.0, 5.0, 0.0, 3.0, 7.0, 0.0, 4.0, 2.0, 2.0, 2.0, 1.0, 4.0, 6.0, 0.0, 7.0, 5.0, 4.0, 6.0, 5.0, 7.0, 4.0, 5.0, 8.0, 3.0, 5.0, 4.0, 8.0, 4.0, 4.0, 5.0, 4.0, 0.0, 8.0, 2.0, 5.0, 2.0, 5.0, 2.0, 6.0, 4.0, 0.0, 0.0, 2016.0, 5.0, 6.0, 1.0, 3.0, 1.0, 1.0, 0.0, 7.0, 3.0, 3.0, 0.0, 1.0, 8.0, 5.0, 8.0, 8.0, 3.0, 3.0, 1.0, 3.0, 1.0, 5.0, 2.0, 2.0, 5.0, 2.0, 8.0, 1.0, 6.0, 4.0, 3.0, 3.0, 2.0, 7.0, 7.0, 7.0, 5.0, 1.0, 0.0, 1.0, 6.0, 8.0, 8.0, 3.0, 1.0, 5.0, 8.0, 7.0, 1.0, 1.0, 2.0, 2.0, 1.0, 4.0, 6.0, 6.0, 1.0, 8.0, 2.0, 3.0, 20738.0, 0.0, 0.0]
[3.0, 6.0, 1.0, 0.0, 8.0, 7.0, 1.0, 4.0, 4.0, 2.0, 2.0, 3.0, 6.0, 4.0, 7.0, 8.0, 7.0, 5.0, 8.0, 3.0, 4.0, 4.0, 6.0, 7.0, 3.0, 2.0, 2.0, 5.0, 7.0, 3.0, 5.0, 5.0, 5.0, 7.0, 7.0, 6.0, 1.0, 3.0, 8.0, 4.0, 8.0, 5.0, 4.0, 0.0, 1.0, 3.0, 4.0, 4.0, 3.0, 7.0, 8.0, 6.0, 2.0, 3.0, 0.0, 3.0, 8.0, 5.0, 2.0, 4.0, 2.0, 1.0, 2.0, 5.0, 3.0, 8.0, 3.0, 7.0, 2114.0, 6.0, 3.0, 3.0, 6.0, 6.0, 4.0, 1.0, 1.0, 1.0, 3.0, 8.0, 1.0, 8.0, 0.0, 8.0, 0.0, 8.0, 5.0, 8.0, 2.0, 5.0, 5.0, 4.0, 8.0, 4.0, 7.0, 5.0, 3.0, 5.0, 5.0, 2.0, 1.0, 1.0, 8.0, 5.0, 0.0, 0.0, 3.0, 7.0, 5.0, 2.0, 7.0, 8.0, 2.0, 6.0, 4.0, 0.0, 2.0, 5.0, 6.0, 3.0, 0.0, 2.0, 1.0, 8.0, 6.0, 1.0, 5.0, 0.0, 15568.0, 0.0, 0.0]
[5.0, 8.0, 6.0, 6.0, 5.0, 1.0, 2.0, 0.0, 1.0, 1.0, 0.0, 8.0, 4.0, 6.0, 7.0, 1.0, 6.0, 2.0, 2.0, 0.0, 4.0, 0.0, 6.0, 3.0, 3.0, 7.0, 7.0, 8.0, 8.0, 5.0, 2.0, 6.0, 3.0, 0.0, 2.0, 1.0, 1.0, 1.0, 0.0, 8.0, 2.0, 8.0, 1.0, 8.0, 3.0, 3.0, 5.0, 2.0, 0.0, 0.0, 5.0, 8.0, 6.0, 3.0, 2.0, 4.0, 7.0, 0.0, 1.0, 2.0, 3.0, 6.0, 7.0, 6.0, 8.0, 4.0, 6.0, 2.0, 6.0, 2449.0, 5.0, 8.0, 6.0, 8.0, 2.0, 0.0, 6.0, 5.0, 8.0, 5.0, 4.0, 7.0, 7.0, 3.0, 6.0, 4.0, 2.0, 0.0, 4.0, 8.0, 2.0, 1.0, 0.0, 2.0, 8.0, 7.0, 7.0, 1.0, 3.0, 2.0, 0.0, 6.0, 8.0, 8.0, 8.0, 1.0, 1.0, 7.0, 0.0, 7.0, 2.0, 1.0, 6.0, 8.0, 6.0, 7.0, 6.0, 7.0, 7.0, 3.0, 5.0, 7.0, 4.0, 7.0, 6.0, 5.0, 2.0, 2.0, 20152.0, 0.0, 0.0]
[7.0, 7.0, 2.0, 2.0, 7.0, 3.0, 7.0, 1.0, 4.0, 6.0, 5.0, 1.0, 3.0, 4.0, 7.0, 7.0, 5.0, 5.0, 8.0, 3.0, 4.0, 3.0, 0.0, 5.0, 7.0, 0.0, 7.0, 7.0, 0.0, 3.0, 8.0, 6.0, 4.0, 0.0, 6.0, 0.0, 3.0, 6.0, 0.0, 5.0, 3.0, 8.0, 4.0, 4.0, 8.0, 6.0, 2.0, 3.0, 0.0, 4.0, 3.0, 3.0, 2.0, 4.0, 7.0, 7.0, 2.0, 8.0, 5.0, 3.0, 2.0, 7.0, 6.0, 4.0, 0.0, 4.0, 6.0, 3.0, 7.0, 5.0, 2387.0, 6.0, 6.0, 2.0, 6.0, 1.0, 0.0, 8.0, 1.0, 6.0, 7.0, 1.0, 6.0, 8.0, 8.0, 0.0, 4.0, 3.0, 4.0, 7.0, 3.0, 6.0, 6.0, 5.0, 4.0, 2.0, 4.0, 7.0, 6.0, 6.0, 6.0, 4.0, 2.0, 0.0, 1.0, 1.0, 3.0, 7.0, 7.0, 4.0, 2.0, 7.0, 4.0, 8.0, 1.0, 5.0, 4.0, 1.0, 1.0, 7.0, 0.0, 1.0, 3.0, 7.0, 8.0, 1.0, 5.0, 0.0, 12461.0, 0.0, 0.0]
[1.0, 7.0, 5.0, 3.0, 8.0, 3.0, 1.0, 4.0, 2.0, 1.0, 5.0, 4.0, 8.0, 6.0, 4.0, 2.0, 1.0, 5.0, 4.0, 7.0, 5.0, 4.0, 2.0, 1.0, 2.0, 4.0, 8.0, 5.0, 8.0, 3.0, 3.0, 0.0, 5.0, 5.0, 7.0, 1.0, 2.0, 5.0, 6.0, 3.0, 3.0, 8.0, 6.0, 4.0, 2.0, 1.0, 7.0, 2.0, 5.0, 2.0, 3.0, 4.0, 1.0, 8.0, 0.0, 3.0, 7.0, 5.0, 1.0, 3.0, 8.0, 1.0, 4.0, 6.0, 3.0, 0.0, 8.0, 3.0, 2.0, 0.0, 1.0, 2378.0, 7.0, 1.0, 2.0, 1.0, 3.0, 4.0, 2.0, 6.0, 6.0, 5.0, 1.0, 8.0, 3.0, 8.0, 3.0, 0.0, 6.0, 3.0, 8.0, 0.0, 3.0, 4.0, 3.0, 3.0, 2.0, 4.0, 1.0, 0.0, 7.0, 4.0, 7.0, 7.0, 5.0, 6.0, 2.0, 0.0, 8.0, 8.0, 3.0, 5.0, 3.0, 7.0, 4.0, 2.0, 6.0, 0.0, 7.0, 4.0, 1.0, 8.0, 7.0, 2.0, 0.0, 8.0, 1.0, 3.0, 16915.0, 0.0, 0.0]
[7.0, 6.0, 8.0, 3.0, 7.0, 1.0, 2.0, 1.0, 7.0, 7.0, 0.0, 4.0, 5.0, 5.0, 7.0, 1.0, 8.0, 7.0, 4.0, 8.0, 3.0, 7.0, 5.0, 8.0, 5.0, 3.0, 0.0, 2.0, 0.0, 5.0, 7.0, 0.0, 3.0, 1.0, 7.0, 6.0, 8.0, 1.0, 5.0, 8.0, 5.0, 0.0, 3.0, 1.0, 0.0, 1.0, 4.0, 3.0, 4.0, 0.0, 3.0, 8.0, 8.0, 1.0, 8.0, 7.0, 5.0, 8.0, 0.0, 1.0, 0.0, 0.0, 0.0, 8.0, 4.0, 8.0, 0.0, 7.0, 0.0, 5.0, 4.0, 5.0, 2483.0, 0.0, 5.0, 4.0, 0.0, 4.0, 0.0, 4.0, 1.0, 2.0, 4.0, 8.0, 6.0, 4.0, 8.0, 3.0, 1.0, 6.0, 7.0, 3.0, 4.0, 5.0, 4.0, 7.0, 2.0, 7.0, 8.0, 4.0, 8.0, 7.0, 1.0, 1.0, 1.0, 5.0, 7.0, 1.0, 1.0, 4.0, 3.0, 0.0, 2.0, 8.0, 6.0, 4.0, 0.0, 2.0, 5.0, 0.0, 5.0, 2.0, 3.0, 2.0, 8.0, 6.0, 5.0, 8.0, 12683.0, 0.0, 0.0]
[5.0, 2.0, 0.0, 4.0, 1.0, 5.0, 0.0, 1.0, 7.0, 2.0, 4.0, 5.0, 8.0, 7.0, 1.0, 1.0, 2.0, 3.0, 0.0, 4.0, 5.0, 8.0, 2.0, 7.0, 1.0, 7.0, 3.0, 7.0, 6.0, 5.0, 2.0, 4.0, 8.0, 5.0, 5.0, 5.0, 1.0, 4.0, 1.0, 2.0, 7.0, 0.0, 5.0, 5.0, 3.0, 4.0, 6.0, 0.0, 1.0, 0.0, 0.0, 7.0, 2.0, 8.0, 4.0, 0.0, 3.0, 0.0, 1.0, 2.0, 5.0, 1.0, 4.0, 0.0, 2.0, 2.0, 3.0, 3.0, 2.0, 4.0, 5.0, 0.0, 7.0, 1461.0, 7.0, 1.0, 2.0, 5.0, 5.0, 1.0, 7.0, 1.0, 5.0, 2.0, 3.0, 5.0, 1.0, 8.0, 8.0, 2.0, 1.0, 6.0, 8.0, 8.0, 0.0, 7.0, 1.0, 5.0, 4.0, 3.0, 8.0, 6.0, 2.0, 7.0, 1.0, 6.0, 4.0, 5.0, 6.0, 4.0, 0.0, 4.0, 2.0, 5.0, 2.0, 4.0, 5.0, 4.0, 6.0, 2.0, 3.0, 4.0, 1.0, 1.0, 5.0, 8.0, 7.0, 3.0, 15600.0, 0.0, 0.0]
[6.0, 0.0, 3.0, 8.0, 7.0, 4.0, 3.0, 6.0, 8.0, 5.0, 5.0, 6.0, 6.0, 1.0, 2.0, 8.0, 0.0, 6.0, 1.0, 7.0, 8.0, 5.0, 6.0, 0.0, 0.0, 4.0, 4.0, 5.0, 0.0, 8.0, 7.0, 6.0, 5.0, 4.0, 7.0, 7.0, 1.0, 3.0, 3.0, 5.0, 2.0, 8.0, 7.0, 5.0, 5.0, 4.0, 2.0, 5.0, 6.0, 8.0, 2.0, 5.0, 8.0, 0.0, 2.0, 2.0, 8.0, 0.0, 2.0, 1.0, 7.0, 0.0, 0.0, 7.0, 0.0, 7.0, 7.0, 4.0, 0.0, 4.0, 0.0, 2.0, 1.0, 3.0, 1663.0, 2.0, 5.0, 2.0, 6.0, 7.0, 4.0, 7.0, 6.0, 7.0, 0.0, 5.0, 1.0, 8.0, 1.0, 0.0, 8.0, 3.0, 7.0, 4.0, 5.0, 6.0, 8.0, 6.0, 3.0, 4.0, 3.0, 3.0, 8.0, 4.0, 8.0, 7.0, 2.0, 6.0, 0.0, 2.0, 5.0, 2.0, 1.0, 2.0, 0.0, 7.0, 1.0, 5.0, 3.0, 1.0, 0.0, 1.0, 4.0, 5.0, 2.0, 1.0, 1.0, 8.0, 12732.0, 0.0, 0.0]
[7.0, 6.0, 4.0, 3.0, 2.0, 1.0, 1.0, 2.0, 5.0, 3.0, 4.0, 5.0, 3.0, 0.0, 1.0, 7.0, 2.0, 8.0, 0.0, 2.0, 6.0, 7.0, 8.0, 0.0, 8.0, 5.0, 2.0, 6.0, 3.0, 6.0, 1.0, 2.0, 1.0, 6.0, 2.0, 6.0, 8.0, 0.0, 5.0, 4.0, 5.0, 3.0, 8.0, 8.0, 7.0, 5.0, 3.0, 4.0, 5.0, 6.0, 2.0, 5.0, 7.0, 8.0, 8.0, 4.0, 8.0, 4.0, 7.0, 3.0, 8.0, 3.0, 3.0, 5.0, 8.0, 4.0, 7.0, 1.0, 5.0, 2.0, 3.0, 3.0, 4.0, 6.0, 4.0, 1997.0, 1.0, 3.0, 1.0, 4.0, 5.0, 2.0, 6.0, 4.0, 5.0, 8.0, 0.0, 5.0, 5.0, 2.0, 3.0, 0.0, 1.0, 3.0, 6.0, 2.0, 3.0, 5.0, 6.0, 0.0, 8.0, 1.0, 2.0, 6.0, 8.0, 1.0, 2.0, 3.0, 4.0, 1.0, 6.0, 2.0, 5.0, 2.0, 6.0, 7.0, 4.0, 4.0, 1.0, 7.0, 2.0, 0.0, 8.0, 8.0, 1.0, 3.0, 2.0, 6.0, 12829.0, 0.0, 0.0]
[8.0, 3.0, 8.0, 1.0, 0.0, 6.0, 6.0, 1.0, 5.0, 7.0, 4.0, 6.0, 5.0, 1.0, 6.0, 7.0, 2.0, 1.0, 4.0, 6.0, 4.0, 3.0, 3.0, 6.0, 4.0, 3.0, 8.0, 7.0, 1.0, 2.0, 2.0, 3.0, 2.0, 5.0, 0.0, 5.0, 4.0, 3.0, 6.0, 2.0, 1.0, 1.0, 7.0, 4.0, 6.0, 0.0, 6.0, 6.0, 7.0, 7.0, 1.0, 5.0, 0.0, 4.0, 6.0, 4.0, 2.0, 1.0, 4.0, 5.0, 7.0, 1.0, 5.0, 2.0, 2.0, 2.0, 1.0, 7.0, 4.0, 6.0, 8.0, 5.0, 6.0, 1.0, 6.0, 8.0, 1305.0, 1.0, 7.0, 1.0, 7.0, 3.0, 3.0, 4.0, 5.0, 5.0, 5.0, 7.0, 8.0, 5.0, 1.0, 0.0, 8.0, 0.0, 7.0, 6.0, 0.0, 4.0, 4.0, 4.0, 4.0, 0.0, 1.0, 1.0, 0.0, 8.0, 6.0, 5.0, 5.0, 5.0, 8.0, 4.0, 7.0, 5.0, 0.0, 2.0, 0.0, 2.0, 5.0, 6.0, 1.0, 2.0, 6.0, 5.0, 8.0, 5.0, 7.0, 5.0, 10594.0, 0.0, 0.0]
[7.0, 7.0, 8.0, 3.0, 5.0, 1.0, 8.0, 2.0, 8.0, 4.0, 5.0, 6.0, 7.0, 5.0, 6.0, 8.0, 0.0, 0.0, 2.0, 2.0, 8.0, 4.0, 4.0, 3.0, 3.0, 8.0, 1.0, 7.0, 3.0, 6.0, 3.0, 3.0, 8.0, 5.0, 4.0, 0.0, 2.0, 0.0, 1.0, 5.0, 0.0, 6.0, 4.0, 0.0, 4.0, 5.0, 6.0, 1.0, 5.0, 2.0, 3.0, 1.0, 4.0, 8.0, 0.0, 2.0, 3.0, 0.0, 1.0, 4.0, 8.0, 0.0, 5.0, 4.0, 1.0, 1.0, 7.0, 8.0, 8.0, 5.0, 8.0, 0.0, 4.0, 1.0, 1.0, 5.0, 1.0, 1738.0, 6.0, 5.0, 0.0, 8.0, 4.0, 6.0, 2.0, 8.0, 0.0, 5.0, 7.0, 8.0, 2.0, 2.0, 0.0, 7.0, 6.0, 4.0, 6.0, 4.0, 5.0, 4.0, 8.0, 1.0, 8.0, 7.0, 3.0, 3.0, 4.0, 6.0, 4.0, 7.0, 5.0, 3.0, 6.0, 8.0, 3.0, 1.0, 3.0, 3.0, 4.0, 6.0, 7.0, 6.0, 5.0, 6.0, 7.0, 0.0, 6.0, 1.0, 9882.0, 0.0, 0.0]
[8.0, 0.0, 8.0, 7.0, 5.0, 4.0, 2.0, 2.0, 5.0, 7.0, 3.0, 1.0, 8.0, 6.0, 8.0, 4.0, 3.0, 2.0, 7.0, 3.0, 0.0, 3.0, 4.0, 4.0, 2.0, 6.0, 6.0, 8.0, 5.0, 5.0, 1.0, 0.0, 1.0, 3.0, 3.0, 6.0, 6.0, 7.0, 6.0, 7.0, 5.0, 1.0, 2.0, 5.0, 6.0, 7.0, 4.0, 2.0, 1.0, 8.0, 4.0, 7.0, 8.0, 6.0, 0.0, 7.0, 8.0, 3.0, 2.0, 4.0, 5.0, 7.0, 2.0, 0.0, 4.0, 2.0, 5.0, 3.0, 5.0, 8.0, 0.0, 4.0, 7.0, 4.0, 4.0, 7.0, 7.0, 0.0, 1938.0, 3.0, 5.0, 2.0, 8.0, 2.0, 6.0, 4.0, 6.0, 0.0, 2.0, 1.0, 2.0, 3.0, 5.0, 8.0, 6.0, 7.0, 1.0, 1.0, 1.0, 7.0, 1.0, 7.0, 7.0, 2.0, 1.0, 7.0, 8.0, 4.0, 3.0, 4.0, 6.0, 1.0, 1.0, 7.0, 2.0, 0.0, 0.0, 7.0, 1.0, 1.0, 8.0, 6.0, 8.0, 3.0, 0.0, 8.0, 7.0, 4.0, 8655.0, 0.0, 0.0]
[8.0, 0.0, 7.0, 3.0, 5.0, 0.0, 1.0, 6.0, 1.0, 8.0, 8.0, 5.0, 2.0, 4.0, 4.0, 1.0, 0.0, 2.0, 3.0, 7.0, 0.0, 3.0, 8.0, 5.0, 0.0, 4.0, 7.0, 4.0, 7.0, 2.0, 2.0, 1.0, 5.0, 0.0, 7.0, 3.0, 5.0, 7.0, 2.0, 1.0, 6.0, 2.0, 8.0, 5.0, 6.0, 2.0, 1.0, 5.0, 3.0, 1.0, 8.0, 4.0, 6.0, 2.0, 5.0, 1.0, 0.0, 6.0, 8.0, 1.0, 2.0, 5.0, 4.0, 7.0, 4.0, 1.0, 6.0, 0.0, 5.0, 2.0, 0.0, 0.0, 8.0, 3.0, 6.0, 3.0, 5.0, 8.0, 5.0, 1850.0, 2.0, 8.0, 6.0, 1.0, 8.0, 8.0, 6.0, 4.0, 4.0, 6.0, 2.0, 4.0, 5.0, 5.0, 6.0, 8.0, 5.0, 0.0, 2.0, 0.0, 4.0, 2.0, 6.0, 0.0, 7.0, 1.0, 1.0, 2.0, 3.0, 1.0, 8.0, 7.0, 4.0, 0.0, 0.0, 5.0, 8.0, 3.0, 8.0, 0.0, 0.0, 3.0, 1.0, 3.0, 6.0, 5.0, 7.0, 4.0, 4519.0, 0.0, 0.0]
[0.0, 5.0, 0.0, 2.0, 6.0, 0.0, 5.0, 4.0, 5.0, 1.0, 4.0, 4.0, 6.0, 7.0, 8.0, 1.0, 4.0, 8.0, 1.0, 5.0, 2.0, 7.0, 3.0, 0.0, 6.0, 7.0, 0.0, 8.0, 0.0, 1.0, 0.0, 5.0, 3.0, 6.0, 2.0, 5.0, 6.0, 7.0, 3.0, 6.0, 1.0, 8.0, 3.0, 8.0, 7.0, 0.0, 7.0, 4.0, 6.0, 8.0, 6.0, 7.0, 2.0, 7.0, 5.0, 2.0, 4.0, 7.0, 2.0, 6.0, 2.0, 0.0, 2.0, 1.0, 0.0, 4.0, 4.0, 7.0, 2.0, 1.0, 5.0, 0.0, 7.0, 6.0, 0.0, 6.0, 8.0, 4.0, 8.0, 1.0, 1539.0, 8.0, 7.0, 0.0, 2.0, 5.0, 6.0, 7.0, 8.0, 2.0, 3.0, 4.0, 1.0, 6.0, 8.0, 7.0, 1.0, 7.0, 7.0, 2.0, 2.0, 7.0, 7.0, 5.0, 4.0, 4.0, 6.0, 4.0, 5.0, 7.0, 3.0, 6.0, 1.0, 7.0, 3.0, 3.0, 7.0, 5.0, 1.0, 5.0, 5.0, 2.0, 7.0, 4.0, 7.0, 3.0, 0.0, 4.0, 15231.0, 0.0, 0.0]
[4.0, 2.0, 6.0, 7.0, 2.0, 7.0, 0.0, 3.0, 6.0, 4.0, 3.0, 0.0, 1.0, 3.0, 6.0, 7.0, 8.0, 3.0, 2.0, 8.0, 6.0, 4.0, 5.0, 4.0, 0.0, 6.0, 1.0, 7.0, 6.0, 8.0, 8.0, 0.0, 4.0, 1.0, 1.0, 4.0, 6.0, 3.0, 6.0, 4.0, 6.0, 7.0, 0.0, 7.0, 1.0, 6.0, 7.0, 3.0, 3.0, 8.0, 0.0, 8.0, 0.0, 8.0, 6.0, 4.0, 7.0, 5.0, 7.0, 5.0, 8.0, 7.0, 4.0, 1.0, 6.0, 6.0, 6.0, 3.0, 4.0, 6.0, 3.0, 3.0, 4.0, 6.0, 4.0, 0.0, 3.0, 3.0, 2.0, 1.0, 0.0, 1624.0, 4.0, 7.0, 5.0, 8.0, 4.0, 2.0, 7.0, 1.0, 6.0, 6.0, 4.0, 3.0, 2.0, 8.0, 3.0, 7.0, 2.0, 7.0, 7.0, 7.0, 7.0, 6.0, 2.0, 2.0, 3.0, 4.0, 8.0, 2.0, 5.0, 6.0, 3.0, 1.0, 2.0, 5.0, 8.0, 0.0, 1.0, 2.0, 6.0, 2.0, 4.0, 7.0, 6.0, 0.0, 0.0, 7.0, 12513.0, 0.0, 0.0]
[3.0, 2.0, 1.0, 5.0, 0.0, 8.0, 7.0, 6.0, 4.0, 2.0, 2.0, 8.0, 1.0, 3.0, 0.0, 7.0, 5.0, 0.0, 3.0, 6.0, 4.0, 8.0, 0.0, 8.0, 3.0, 4.0, 0.0, 4.0, 7.0, 0.0, 4.0, 4.0, 1.0, 3.0, 5.0, 4.0, 4.0, 3.0, 2.0, 2.0, 8.0, 6.0, 4.0, 1.0, 8.0, 0.0, 2.0, 8.0, 5.0, 2.0, 2.0, 2.0, 1.0, 7.0, 0.0, 8.0, 3.0, 6.0, 0.0, 7.0, 1.0, 7.0, 2.0, 3.0, 0.0, 6.0, 8.0, 3.0, 3.0, 5.0, 3.0, 8.0, 5.0, 4.0, 6.0, 6.0, 1.0, 1.0, 6.0, 4.0, 7.0, 5.0, 1630.0, 2.0, 3.0, 3.0, 4.0, 2.0, 4.0, 3.0, 3.0, 3.0, 5.0, 7.0, 4.0, 7.0, 8.0, 5.0, 7.0, 6.0, 7.0, 3.0, 0.0, 3.0, 4.0, 2.0, 3.0, 7.0, 5.0, 8.0, 2.0, 0.0, 7.0, 4.0, 0.0, 2.0, 6.0, 8.0, 0.0, 5.0, 7.0, 0.0, 5.0, 3.0, 7.0, 3.0, 0.0, 7.0, 7635.0, 0.0, 0.0]
[6.0, 7.0, 2.0, 1.0, 6.0, 3.0, 1.0, 6.0, 8.0, 3.0, 2.0, 1.0, 1.0, 1.0, 7.0, 5.0, 6.0, 3.0, 3.0, 3.0, 3.0, 2.0, 1.0, 3.0, 1.0, 1.0, 1.0, 0.0, 2.0, 2.0, 8.0, 0.0, 3.0, 0.0, 2.0, 2.0, 2.0, 1.0, 0.0, 2.0, 4.0, 2.0, 5.0, 3.0, 8.0, 7.0, 5.0, 2.0, 4.0, 4.0, 1.0, 2.0, 5.0, 3.0, 0.0, 0.0, 1.0, 3.0, 1.0, 0.0, 2.0, 1.0, 4.0, 1.0, 6.0, 8.0, 8.0, 8.0, 7.0, 8.0, 3.0, 0.0, 6.0, 5.0, 7.0, 8.0, 7.0, 7.0, 6.0, 5.0, 8.0, 6.0, 7.0, 2013.0, 7.0, 1.0, 8.0, 5.0, 0.0, 8.0, 2.0, 1.0, 1.0, 0.0, 6.0, 2.0, 7.0, 2.0, 0.0, 1.0, 2.0, 8.0, 5.0, 0.0, 3.0, 0.0, 8.0, 0.0, 4.0, 3.0, 4.0, 5.0, 5.0, 7.0, 2.0, 6.0, 1.0, 2.0, 5.0, 3.0, 5.0, 0.0, 8.0, 8.0, 1.0, 1.0, 1.0, 3.0, 10695.0, 0.0, 0.0]
[6.0, 1.0, 4.0, 3.0, 8.0, 5.0, 4.0, 4.0, 7.0, 4.0, 7.0, 2.0, 0.0, 4.0, 7.0, 5.0, 7.0, 0.0, 4.0, 1.0, 3.0, 3.0, 7.0, 7.0, 1.0, 6.0, 2.0, 7.0, 5.0, 8.0, 1.0, 6.0, 0.0, 1.0, 7.0, 8.0, 7.0, 7.0, 6.0, 0.0, 8.0, 7.0, 6.0, 8.0, 6.0, 2.0, 5.0, 0.0, 1.0, 4.0, 5.0, 3.0, 8.0, 2.0, 5.0, 7.0, 6.0, 7.0, 8.0, 6.0, 4.0, 2.0, 3.0, 8.0, 5.0, 6.0, 4.0, 5.0, 1.0, 1.0, 1.0, 2.0, 1.0, 7.0, 4.0, 4.0, 4.0, 8.0, 7.0, 7.0, 4.0, 4.0, 4.0, 7.0, 2010.0, 5.0, 4.0, 0.0, 4.0, 7.0, 5.0, 6.0, 7.0, 0.0, 4.0, 3.0, 6.0, 2.0, 5.0, 3.0, 2.0, 8.0, 0.0, 2.0, 8.0, 3.0, 6.0, 4.0, 6.0, 5.0, 0.0, 1.0, 2.0, 5.0, 7.0, 6.0, 1.0, 3.0, 4.0, 1.0, 0.0, 1.0, 6.0, 3.0, 1.0, 4.0, 0.0, 4.0, 19048.0, 0.0, 0.0]
[1.0, 7.0, 7.0, 3.0, 1.0, 6.0, 3.0, 3.0, 3.0, 4.0, 1.0, 5.0, 3.0, 1.0, 7.0, 6.0, 3.0, 6.0, 7.0, 8.0, 3.0, 4.0, 5.0, 1.0, 6.0, 3.0, 2.0, 8.0, 8.0, 4.0, 5.0, 2.0, 5.0, 6.0, 2.0, 7.0, 5.0, 5.0, 8.0, 2.0, 4.0, 0.0, 7.0, 0.0, 5.0, 0.0, 1.0, 5.0, 1.0, 2.0, 3.0, 4.0, 7.0, 1.0, 7.0, 2.0, 2.0, 7.0, 2.0, 2.0, 4.0, 6.0, 1.0, 5.0, 0.0, 1.0, 7.0, 7.0, 5.0, 0.0, 2.0, 0.0, 0.0, 6.0, 3.0, 3.0, 0.0, 8.0, 0.0, 8.0, 0.0, 7.0, 7.0, 2.0, 4.0, 2193.0, 8.0, 8.0, 8.0, 5.0, 6.0, 5.0, 1.0, 2.0, 4.0, 4.0, 8.0, 7.0, 3.0, 1.0, 0.0, 2.0, 2.0, 5.0, 0.0, 3.0, 0.0, 7.0, 7.0, 0.0, 6.0, 5.0, 3.0, 1.0, 6.0, 7.0, 7.0, 4.0, 2.0, 3.0, 1.0, 4.0, 5.0, 6.0, 8.0, 6.0, 6.0, 8.0, 9360.0, 0.0, 0.0]
[0.0, 3.0, 7.0, 7.0, 2.0, 6.0, 2.0, 1.0, 8.0, 0.0, 1.0, 7.0, 4.0, 8.0, 7.0, 7.0, 4.0, 1.0, 5.0, 6.0, 8.0, 7.0, 8.0, 1.0, 5.0, 0.0, 6.0, 1.0, 5.0, 0.0, 2.0, 1.0, 0.0, 6.0, 2.0, 4.0, 4.0, 1.0, 3.0, 4.0, 8.0, 1.0, 2.0, 2.0, 6.0, 6.0, 1.0, 0.0, 5.0, 5.0, 8.0, 3.0, 5.0, 7.0, 3.0, 7.0, 4.0, 1.0, 5.0, 4.0, 7.0, 0.0, 4.0, 5.0, 4.0, 4.0, 3.0, 8.0, 8.0, 0.0, 6.0, 6.0, 1.0, 0.0, 8.0, 3.0, 7.0, 6.0, 7.0, 7.0, 7.0, 8.0, 4.0, 8.0, 7.0, 0.0, 2235.0, 8.0, 1.0, 7.0, 6.0, 8.0, 8.0, 7.0, 6.0, 3.0, 6.0, 5.0, 2.0, 3.0, 7.0, 7.0, 7.0, 0.0, 7.0, 5.0, 2.0, 8.0, 5.0, 8.0, 2.0, 8.0, 4.0, 1.0, 8.0, 4.0, 7.0, 0.0, 8.0, 5.0, 2.0, 0.0, 5.0, 4.0, 5.0, 8.0, 3.0, 0.0, 18841.0, 0.0, 0.0]
[8.0, 4.0, 4.0, 6.0, 1.0, 7.0, 1.0, 0.0, 6.0, 6.0, 5.0, 2.0, 3.0, 2.0, 1.0, 6.0, 5.0, 3.0, 2.0, 8.0, 4.0, 7.0, 8.0, 0.0, 4.0, 0.0, 1.0, 5.0, 0.0, 6.0, 8.0, 8.0, 3.0, 0.0, 3.0, 1.0, 7.0, 7.0, 7.0, 8.0, 6.0, 3.0, 2.0, 0.0, 2.0, 0.0, 6.0, 3.0, 3.0, 8.0, 5.0, 3.0, 3.0, 7.0, 8.0, 3.0, 5.0, 4.0, 7.0, 2.0, 8.0, 1.0, 7.0, 3.0, 7.0, 3.0, 8.0, 6.0, 4.0, 1.0, 6.0, 0.0, 3.0, 7.0, 0.0, 7.0, 6.0, 3.0, 5.0, 2.0, 8.0, 8.0, 0.0, 3.0, 1.0, 6.0, 5.0, 1570.0, 8.0, 2.0, 1.0, 0.0, 4.0, 1.0, 0.0, 4.0, 2.0, 7.0, 2.0, 5.0, 7.0, 6.0, 2.0, 2.0, 6.0, 7.0, 1.0, 8.0, 5.0, 7.0, 1.0, 1.0, 0.0, 2.0, 5.0, 2.0, 0.0, 1.0, 5.0, 5.0, 6.0, 0.0, 5.0, 8.0, 1.0, 4.0, 5.0, 2.0, 15296.0, 0.0, 0.0]
[4.0, 4.0, 8.0, 7.0, 5.0, 4.0, 5.0, 5.0, 4.0, 7.0, 2.0, 8.0, 1.0, 2.0, 1.0, 6.0, 0.0, 4.0, 3.0, 3.0, 5.0, 4.0, 0.0, 0.0, 7.0, 8.0, 7.0, 4.0, 2.0, 1.0, 0.0, 0.0, 3.0, 7.0, 0.0, 5.0, 6.0, 2.0, 0.0, 5.0, 5.0, 3.0, 2.0, 2.0, 0.0, 6.0, 7.0, 4.0, 1.0, 0.0, 3.0, 8.0, 1.0, 5.0, 2.0, 5.0, 1.0, 5.0, 1.0, 5.0, 8.0, 1.0, 5.0, 5.0, 6.0, 1.0, 1.0, 3.0, 5.0, 0.0, 4.0, 3.0, 7.0, 1.0, 8.0, 5.0, 4.0, 5.0, 5.0, 2.0, 2.0, 7.0, 3.0, 1.0, 2.0, 6.0, 8.0, 3.0, 2013.0, 8.0, 1.0, 8.0, 7.0, 8.0, 6.0, 8.0, 2.0, 6.0, 5.0, 4.0, 0.0, 0.0, 7.0, 1.0, 7.0, 6.0, 8.0, 0.0, 1.0, 2.0, 4.0, 5.0, 2.0, 0.0, 7.0, 2.0, 3.0, 3.0, 4.0, 0.0, 7.0, 5.0, 6.0, 7.0, 2.0, 3.0, 3.0, 5.0, 12668.0, 0.0, 0.0]
[5.0, 5.0, 5.0, 4.0, 5.0, 5.0, 2.0, 8.0, 7.0, 0.0, 2.0, 1.0, 5.0, 0.0, 5.0, 4.0, 8.0, 6.0, 3.0, 6.0, 3.0, 2.0, 6.0, 3.0, 3.0, 7.0, 5.0, 0.0, 3.0, 7.0, 3.0, 0.0, 2.0, 0.0, 2.0, 2.0, 1.0, 0.0, 3.0, 5.0, 6.0, 2.0, 5.0, 8.0, 8.0, 8.0, 2.0, 8.0, 2.0, 5.0, 0.0, 2.0, 4.0, 1.0, 2.0, 0.0, 0.0, 3.0, 1.0, 3.0, 2.0, 4.0, 3.0, 2.0, 8.0, 2.0, 8.0, 3.0, 5.0, 5.0, 5.0, 5.0, 4.0, 4.0, 4.0, 6.0, 6.0, 8.0, 1.0, 5.0, 0.0, 1.0, 7.0, 7.0, 4.0, 3.0, 4.0, 6.0, 4.0, 1987.0, 4.0, 2.0, 8.0, 1.0, 4.0, 5.0, 3.0, 3.0, 4.0, 1.0, 3.0, 4.0, 6.0, 1.0, 6.0, 7.0, 2.0, 0.0, 2.0, 1.0, 1.0, 1.0, 8.0, 3.0, 0.0, 6.0, 2.0, 0.0, 2.0, 8.0, 3.0, 5.0, 7.0, 3.0, 6.0, 3.0, 3.0, 2.0, 20352.0, 0.0, 0.0]
[2.0, 5.0, 4.0, 1.0, 4.0, 8.0, 2.0, 0.0, 3.0, 8.0, 5.0, 7.0, 7.0, 1.0, 1.0, 4.0, 4.0, 7.0, 5.0, 4.0, 4.0, 2.0, 6.0, 5.0, 8.0, 0.0, 2.0, 4.0, 7.0, 7.0, 1.0, 1.0, 4.0, 1.0, 5.0, 6.0, 0.0, 3.0, 1.0, 0.0, 3.0, 5.0, 5.0, 7.0, 4.0, 1.0, 7.0, 2.0, 0.0, 6.0, 2.0, 5.0, 4.0, 7.0, 3.0, 3.0, 3.0, 0.0, 5.0, 5.0, 0.0, 4.0, 8.0, 1.0, 0.0, 5.0, 5.0, 2.0, 4.0, 6.0, 7.0, 0.0, 3.0, 3.0, 1.0, 5.0, 1.0, 8.0, 1.0, 2.0, 0.0, 0.0, 3.0, 2.0, 0.0, 8.0, 3.0, 1.0, 0.0, 5.0, 1547.0, 5.0, 1.0, 3.0, 8.0, 2.0, 6.0, 5.0, 0.0, 1.0, 6.0, 6.0, 1.0, 2.0, 4.0, 2.0, 2.0, 0.0, 3.0, 4.0, 4.0, 8.0, 1.0, 4.0, 7.0, 0.0, 7.0, 3.0, 2.0, 2.0, 5.0, 7.0, 8.0, 7.0, 8.0, 2.0, 0.0, 7.0, 14792.0, 0.0, 0.0]
[2.0, 1.0, 5.0, 2.0, 1.0, 2.0, 7.0, 7.0, 8.0, 8.0, 6.0, 7.0, 4.0, 7.0, 1.0, 3.0, 3.0, 7.0, 2.0, 1.0, 8.0, 8.0, 4.0, 8.0, 1.0, 0.0, 5.0, 7.0, 6.0, 5.0, 7.0, 4.0, 8.0, 5.0, 7.0, 0.0, 4.0, 7.0, 0.0, 4.0, 0.0, 1.0, 2.0, 0.0, 3.0, 1.0, 7.0, 6.0, 7.0, 5.0, 7.0, 1.0, 4.0, 4.0, 7.0, 2.0, 5.0, 2.0, 7.0, 1.0, 5.0, 3.0, 3.0, 3.0, 4.0, 1.0, 5.0, 8.0, 3.0, 3.0, 1.0, 3.0, 1.0, 4.0, 3.0, 0.0, 8.0, 8.0, 6.0, 1.0, 4.0, 0.0, 7.0, 1.0, 6.0, 0.0, 2.0, 7.0, 6.0, 7.0, 5.0, 1620.0, 3.0, 5.0, 8.0, 4.0, 4.0, 3.0, 5.0, 5.0, 5.0, 6.0, 8.0, 1.0, 2.0, 4.0, 4.0, 7.0, 6.0, 3.0, 2.0, 1.0, 5.0, 5.0, 5.0, 2.0, 5.0, 4.0, 6.0, 2.0, 1.0, 3.0, 5.0, 1.0, 2.0, 0.0, 0.0, 0.0, 7782.0, 0.0, 0.0]
[1.0, 3.0, 7.0, 6.0, 6.0, 1.0, 6.0, 2.0, 3.0, 6.0, 6.0, 6.0, 2.0, 4.0, 1.0, 2.0, 7.0, 4.0, 6.0, 0.0, 8.0, 7.0, 6.0, 0.0, 0.0, 1.0, 8.0, 0.0, 0.0, 4.0, 2.0, 3.0, 5.0, 4.0, 8.0, 5.0, 3.0, 8.0, 1.0, 6.0, 5.0, 4.0, 8.0, 3.0, 1.0, 0.0, 3.0, 1.0, 5.0, 1.0, 4.0, 7.0, 2.0, 3.0, 0.0, 0.0, 4.0, 1.0, 8.0, 7.0, 1.0, 4.0, 3.0, 4.0, 0.0, 2.0, 4.0, 5.0, 5.0, 5.0, 3.0, 4.0, 2.0, 8.0, 0.0, 3.0, 3.0, 1.0, 7.0, 3.0, 4.0, 5.0, 3.0, 4.0, 3.0, 5.0, 5.0, 7.0, 0.0, 3.0, 3.0, 6.0, 2486.0, 5.0, 3.0, 2.0, 1.0, 5.0, 8.0, 0.0, 5.0, 5.0, 0.0, 5.0, 8.0, 4.0, 1.0, 5.0, 2.0, 0.0, 5.0, 2.0, 1.0, 5.0, 8.0, 0.0, 4.0, 6.0, 4.0, 5.0, 3.0, 5.0, 8.0, 5.0, 2.0, 5.0, 8.0, 3.0, 19918.0, 0.0, 0.0]
[8.0, 3.0, 8.0, 1.0, 5.0, 7.0, 3.0, 2.0, 6.0, 4.0, 6.0, 3.0, 4.0, 0.0, 0.0, 1.0, 4.0, 7.0, 2.0, 1.0, 3.0, 3.0, 3.0, 8.0, 3.0, 8.0, 4.0, 2.0, 7.0, 4.0, 0.0, 6.0, 1.0, 4.0, 6.0, 8.0, 3.0, 6.0, 2.0, 1.0, 5.0, 1.0, 8.0, 6.0, 3.0, 0.0, 7.0, 7.0, 4.0, 5.0, 1.0, 2.0, 4.0, 6.0, 6.0, 4.0, 8.0, 2.0, 0.0, 7.0, 1.0, 4.0, 6.0, 4.0, 3.0, 2.0, 0.0, 5.0, 5.0, 0.0, 1.0, 6.0, 2.0, 3.0, 2.0, 7.0, 0.0, 3.0, 6.0, 5.0, 8.0, 2.0, 3.0, 5.0, 6.0, 8.0, 8.0, 2.0, 3.0, 3.0, 7.0, 8.0, 1.0, 2278.0, 1.0, 3.0, 6.0, 7.0, 8.0, 0.0, 3.0, 3.0, 5.0, 4.0, 4.0, 6.0, 8.0, 4.0, 4.0, 3.0, 2.0, 3.0, 0.0, 0.0, 1.0, 2.0, 5.0, 8.0, 5.0, 3.0, 8.0, 2.0, 3.0, 7.0, 4.0, 8.0, 0.0, 1.0, 14085.0, 0.0, 0.0]
[1.0, 1.0, 6.0, 3.0, 6.0, 8.0, 5.0, 6.0, 4.0, 5.0, 0.0, 8.0, 3.0, 1.0, 2.0, 2.0, 7.0, 2.0, 2.0, 8.0, 7.0, 7.0, 3.0, 1.0, 5.0, 0.0, 4.0, 5.0, 5.0, 3.0, 6.0, 8.0, 3.0, 2.0, 8.0, 3.0, 4.0, 2.0, 0.0, 8.0, 8.0, 0.0, 2.0, 4.0, 4.0, 8.0, 6.0, 0.0, 8.0, 1.0, 1.0, 7.0, 6.0, 4.0, 5.0, 6.0, 6.0, 6.0, 5.0, 4.0, 3.0, 4.0, 1.0, 5.0, 4.0, 5.0, 2.0, 5.0, 3.0, 5.0, 1.0, 4.0, 6.0, 7.0, 4.0, 4.0, 5.0, 3.0, 1.0, 0.0, 8.0, 4.0, 1.0, 2.0, 7.0, 1.0, 3.0, 0.0, 6.0, 8.0, 3.0, 0.0, 8.0, 3.0, 1640.0, 4.0, 0.0, 7.0, 2.0, 3.0, 7.0, 1.0, 4.0, 4.0, 4.0, 5.0, 6.0, 1.0, 1.0, 3.0, 2.0, 3.0, 2.0, 4.0, 1.0, 7.0, 6.0, 2.0, 4.0, 6.0, 0.0, 3.0, 3.0, 3.0, 5.0, 1.0, 8.0, 5.0, 14293.0, 0.0, 0.0]
[5.0, 4.0, 7.0, 2.0, 0.0, 3.0, 0.0, 8.0, 4.0, 5.0, 8.0, 6.0, 3.0, 7.0, 5.0, 0.0, 4.0, 2.0, 4.0, 7.0, 2.0, 8.0, 7.0, 5.0, 6.0, 6.0, 6.0, 2.0, 4.0, 4.0, 1.0, 7.0, 5.0, 5.0, 1.0, 1.0, 2.0, 0.0, 5.0, 8.0, 7.0, 0.0, 3.0, 0.0, 3.0, 8.0, 0.0, 6.0, 1.0, 6.0, 4.0, 8.0, 2.0, 6.0, 0.0, 6.0, 3.0, 7.0, 4.0, 5.0, 7.0, 6.0, 4.0, 4.0, 0.0, 3.0, 1.0, 1.0, 4.0, 2.0, 3.0, 3.0, 2.0, 5.0, 0.0, 6.0, 5.0, 3.0, 2.0, 1.0, 2.0, 2.0, 3.0, 6.0, 8.0, 6.0, 5.0, 3.0, 3.0, 7.0, 7.0, 7.0, 0.0, 0.0, 7.0, 1921.0, 5.0, 7.0, 2.0, 2.0, 8.0, 2.0, 5.0, 3.0, 1.0, 8.0, 2.0, 7.0, 3.0, 6.0, 4.0, 8.0, 6.0, 7.0, 4.0, 3.0, 1.0, 1.0, 8.0, 0.0, 5.0, 5.0, 2.0, 2.0, 6.0, 6.0, 3.0, 5.0, 6601.0, 0.0, 0.0]
[0.0, 3.0, 7.0, 5.0, 5.0, 6.0, 0.0, 4.0, 5.0, 0.0, 5.0, 4.0, 1.0, 7.0, 1.0, 7.0, 5.0, 6.0, 7.0, 4.0, 7.0, 3.0, 8.0, 5.0, 6.0, 3.0, 3.0, 3.0, 3.0, 5.0, 1.0, 1.0, 6.0, 0.0, 0.0, 8.0, 5.0, 3.0, 8.0, 3.0, 5.0, 7.0, 8.0, 2.0, 2.0, 4.0, 1.0, 1.0, 6.0, 1.0, 1.0, 2.0, 4.0, 8.0, 1.0, 4.0, 1.0, 0.0, 8.0, 3.0, 6.0, 3.0, 4.0, 1.0, 2.0, 1.0, 8.0, 8.0, 3.0, 1.0, 3.0, 1.0, 0.0, 3.0, 2.0, 3.0, 3.0, 4.0, 1.0, 2.0, 4.0, 1.0, 0.0, 3.0, 3.0, 5.0, 7.0, 8.0, 6.0, 3.0, 5.0, 0.0, 6.0, 6.0, 5.0, 7.0, 1721.0, 8.0, 3.0, 6.0, 6.0, 7.0, 0.0, 3.0, 4.0, 8.0, 7.0, 0.0, 7.0, 3.0, 2.0, 2.0, 5.0, 1.0, 7.0, 4.0, 8.0, 0.0, 2.0, 5.0, 0.0, 4.0, 6.0, 3.0, 7.0, 4.0, 8.0, 2.0, 14658.0, 0.0, 0.0]
[1.0, 3.0, 5.0, 2.0, 4.0, 1.0, 7.0, 6.0, 5.0, 4.0, 6.0, 6.0, 8.0, 4.0, 5.0, 5.0, 2.0, 8.0, 6.0, 1.0, 3.0, 5.0, 1.0, 2.0, 8.0, 2.0, 0.0, 5.0, 3.0, 8.0, 1.0, 5.0, 8.0, 0.0, 8.0, 4.0, 6.0, 3.0, 5.0, 5.0, 3.0, 4.0, 6.0, 8.0, 7.0, 4.0, 6.0, 4.0, 7.0, 1.0, 7.0, 3.0, 8.0, 1.0, 5.0, 0.0, 8.0, 0.0, 5.0, 8.0, 5.0, 1.0, 2.0, 8.0, 3.0, 6.0, 8.0, 2.0, 7.0, 8.0, 5.0, 7.0, 7.0, 1.0, 1.0, 4.0, 3.0, 6.0, 6.0, 0.0, 1.0, 5.0, 4.0, 8.0, 2.0, 7.0, 7.0, 2.0, 4.0, 4.0, 7.0, 0.0, 7.0, 5.0, 1.0, 7.0, 5.0, 2389.0, 2.0, 8.0, 7.0, 5.0, 4.0, 6.0, 7.0, 4.0, 5.0, 1.0, 8.0, 5.0, 3.0, 4.0, 1.0, 6.0, 5.0, 3.0, 8.0, 2.0, 5.0, 2.0, 4.0, 7.0, 8.0, 5.0, 4.0, 6.0, 0.0, 4.0, 7959.0, 0.0, 0.0]
[2.0, 6.0, 4.0, 0.0, 2.0, 1.0, 5.0, 7.0, 0.0, 0.0, 1.0, 3.0, 5.0, 7.0, 8.0, 4.0, 6.0, 4.0, 4.0, 3.0, 2.0, 8.0, 2.0, 5.0, 4.0, 5.0, 1.0, 1.0, 1.0, 8.0, 1.0, 1.0, 2.0, 3.0, 2.0, 4.0, 2.0, 5.0, 5.0, 2.0, 8.0, 2.0, 5.0, 7.0, 7.0, 8.0, 0.0, 1.0, 2.0, 6.0, 1.0, 1.0, 8.0, 6.0, 1.0, 8.0, 4.0, 3.0, 2.0, 7.0, 4.0, 3.0, 4.0, 1.0, 3.0, 5.0, 5.0, 8.0, 7.0, 6.0, 7.0, 6.0, 8.0, 6.0, 3.0, 2.0, 4.0, 2.0, 5.0, 2.0, 7.0, 6.0, 7.0, 6.0, 2.0, 6.0, 8.0, 6.0, 1.0, 5.0, 6.0, 1.0, 3.0, 0.0, 6.0, 3.0, 5.0, 7.0, 1900.0, 5.0, 3.0, 8.0, 1.0, 0.0, 3.0, 6.0, 5.0, 4.0, 8.0, 2.0, 2.0, 8.0, 2.0, 5.0, 8.0, 3.0, 2.0, 1.0, 1.0, 0.0, 8.0, 8.0, 6.0, 6.0, 8.0, 7.0, 8.0, 3.0, 18095.0, 0.0, 0.0]
[2.0, 6.0, 3.0, 5.0, 7.0, 2.0, 4.0, 4.0, 1.0, 1.0, 7.0, 3.0, 0.0, 1.0, 0.0, 1.0, 2.0, 7.0, 7.0, 3.0, 5.0, 6.0, 5.0, 0.0, 2.0, 5.0, 0.0, 1.0, 8.0, 6.0, 0.0, 3.0, 5.0, 8.0, 2.0, 6.0, 3.0, 3.0, 2.0, 8.0, 2.0, 6.0, 4.0, 5.0, 1.0, 0.0, 2.0, 6.0, 0.0, 7.0, 3.0, 4.0, 0.0, 7.0, 7.0, 7.0, 1.0, 0.0, 5.0, 3.0, 2.0, 1.0, 6.0, 3.0, 7.0, 0.0, 1.0, 1.0, 6.0, 6.0, 8.0, 5.0, 3.0, 3.0, 3.0, 6.0, 6.0, 6.0, 7.0, 4.0, 1.0, 6.0, 2.0, 4.0, 5.0, 2.0, 7.0, 1.0, 4.0, 4.0, 8.0, 5.0, 4.0, 6.0, 4.0, 1.0, 5.0, 2.0, 6.0, 1913.0, 1.0, 4.0, 7.0, 1.0, 1.0, 0.0, 1.0, 6.0, 0.0, 5.0, 6.0, 7.0, 0.0, 3.0, 6.0, 4.0, 2.0, 6.0, 3.0, 6.0, 2.0, 5.0, 4.0, 4.0, 1.0, 0.0, 1.0, 8.0, 4553.0, 0.0, 0.0]
[8.0, 0.0, 1.0, 4.0, 2.0, 1.0, 5.0, 4.0, 7.0, 2.0, 2.0, 6.0, 0.0, 3.0, 4.0, 1.0, 6.0, 8.0, 6.0, 4.0, 3.0, 7.0, 4.0, 1.0, 1.0, 8.0, 7.0, 0.0, 2.0, 6.0, 5.0, 6.0, 3.0, 6.0, 3.0, 0.0, 0.0, 1.0, 3.0, 4.0, 3.0, 1.0, 7.0, 6.0, 1.0, 2.0, 7.0, 4.0, 6.0, 5.0, 7.0, 0.0, 1.0, 5.0, 1.0, 1.0, 6.0, 8.0, 3.0, 7.0, 6.0, 4.0, 5.0, 0.0, 4.0, 5.0, 2.0, 7.0, 0.0, 6.0, 7.0, 2.0, 4.0, 1.0, 0.0, 5.0, 4.0, 1.0, 0.0, 1.0, 6.0, 6.0, 3.0, 8.0, 6.0, 5.0, 0.0, 5.0, 5.0, 3.0, 1.0, 1.0, 0.0, 1.0, 2.0, 8.0, 7.0, 5.0, 1.0, 1.0, 2489.0, 8.0, 7.0, 3.0, 8.0, 6.0, 0.0, 8.0, 1.0, 1.0, 0.0, 6.0, 5.0, 5.0, 7.0, 5.0, 5.0, 7.0, 4.0, 3.0, 2.0, 8.0, 3.0, 3.0, 1.0, 5.0, 7.0, 0.0, 5060.0, 0.0, 0.0]
[4.0, 5.0, 4.0, 6.0, 4.0, 4.0, 5.0, 6.0, 5.0, 5.0, 2.0, 8.0, 6.0, 0.0, 0.0, 1.0, 2.0, 4.0, 4.0, 7.0, 7.0, 2.0, 2.0, 2.0, 4.0, 2.0, 7.0, 3.0, 5.0, 8.0, 7.0, 1.0, 4.0, 6.0, 0.0, 0.0, 8.0, 6.0, 4.0, 1.0, 7.0, 4.0, 7.0, 8.0, 7.0, 3.0, 1.0, 4.0, 2.0, 6.0, 5.0, 6.0, 1.0, 0.0, 3.0, 8.0, 7.0, 7.0, 7.0, 5.0, 3.0, 6.0, 8.0, 3.0, 2.0, 1.0, 0.0, 0.0, 3.0, 5.0, 1.0, 2.0, 3.0, 2.0, 8.0, 4.0, 1.0, 1.0, 7.0, 4.0, 0.0, 7.0, 4.0, 0.0, 2.0, 2.0, 8.0, 6.0, 0.0, 5.0, 3.0, 3.0, 7.0, 7.0, 4.0, 1.0, 2.0, 5.0, 3.0, 4.0, 7.0, 1689.0, 0.0, 7.0, 4.0, 3.0, 7.0, 3.0, 1.0, 5.0, 0.0, 6.0, 3.0, 0.0, 7.0, 0.0, 7.0, 1.0, 2.0, 7.0, 5.0, 1.0, 1.0, 5.0, 4.0, 5.0, 1.0, 8.0, 12771.0, 0.0, 0.0]
[5.0, 3.0, 3.0, 1.0, 8.0, 3.0, 3.0, 3.0, 1.0, 7.0, 0.0, 7.0, 4.0, 2.0, 2.0, 4.0, 8.0, 7.0, 1.0, 7.0, 0.0, 6.0, 7.0, 3.0, 8.0, 1.0, 4.0, 4.0, 0.0, 4.0, 8.0, 5.0, 8.0, 6.0, 1.0, 8.0, 1.0, 5.0, 1.0, 8.0, 5.0, 5.0, 6.0, 2.0, 4.0, 1.0, 3.0, 5.0, 4.0, 8.0, 4.0, 7.0, 1.0, 0.0, 8.0, 0.0, 0.0, 8.0, 8.0, 1.0, 6.0, 2.0, 7.0, 0.0, 1.0, 8.0, 4.0, 8.0, 1.0, 0.0, 4.0, 4.0, 5.0, 7.0, 8.0, 5.0, 5.0, 5.0, 8.0, 7.0, 5.0, 1.0, 0.0, 2.0, 8.0, 6.0, 1.0, 0.0, 4.0, 8.0, 5.0, 8.0, 0.0, 0.0, 1.0, 0.0, 1.0, 6.0, 2.0, 0.0, 2.0, 4.0, 1436.0, 8.0, 6.0, 0.0, 6.0, 5.0, 3.0, 7.0, 1.0, 2.0, 0.0, 4.0, 7.0, 7.0, 8.0, 3.0, 5.0, 8.0, 1.0, 8.0, 6.0, 0.0, 8.0, 8.0, 4.0, 3.0, 11403.0, 0.0, 0.0]
[3.0, 3.0, 8.0, 1.0, 3.0, 3.0, 0.0, 8.0, 6.0, 0.0, 6.0, 6.0, 6.0, 0.0, 1.0, 1.0, 3.0, 0.0, 5.0, 5.0, 1.0, 7.0, 6.0, 1.0, 2.0, 1.0, 2.0, 4.0, 0.0, 5.0, 4.0, 5.0, 1.0, 3.0, 3.0, 3.0, 5.0, 2.0, 2.0, 2.0, 6.0, 8.0, 7.0, 6.0, 1.0, 5.0, 6.0, 2.0, 8.0, 1.0, 5.0, 3.0, 8.0, 6.0, 3.0, 0.0, 7.0, 8.0, 8.0, 5.0, 7.0, 5.0, 6.0, 6.0, 0.0, 4.0, 1.0, 4.0, 1.0, 3.0, 2.0, 2.0, 8.0, 6.0, 7.0, 4.0, 7.0, 3.0, 3.0, 2.0, 1.0, 4.0, 7.0, 2.0, 6.0, 4.0, 7.0, 6.0, 5.0, 8.0, 7.0, 4.0, 4.0, 2.0, 0.0, 3.0, 5.0, 5.0, 1.0, 2.0, 7.0, 5.0, 7.0, 1525.0, 0.0, 5.0, 4.0, 8.0, 0.0, 6.0, 8.0, 1.0, 6.0, 2.0, 2.0, 6.0, 2.0, 7.0, 4.0, 0.0, 7.0, 1.0, 6.0, 8.0, 0.0, 1.0, 5.0, 4.0, 4369.0, 0.0, 0.0]
[7.0, 1.0, 3.0, 1.0, 5.0, 7.0, 6.0, 4.0, 4.0, 3.0, 3.0, 5.0, 4.0, 5.0, 1.0, 4.0, 4.0, 3.0, 2.0, 1.0, 4.0, 8.0, 3.0, 8.0, 3.0, 8.0, 4.0, 8.0, 4.0, 6.0, 7.0, 0.0, 4.0, 4.0, 4.0, 7.0, 2.0, 5.0, 2.0, 1.0, 8.0, 7.0, 5.0, 2.0, 0.0, 7.0, 6.0, 5.0, 3.0, 4.0, 8.0, 2.0, 5.0, 4.0, 2.0, 1.0, 2.0, 4.0, 3.0, 2.0, 0.0, 0.0, 6.0, 2.0, 0.0, 5.0, 0.0, 5.0, 3.0, 1.0, 4.0, 2.0, 1.0, 5.0, 1.0, 1.0, 6.0, 2.0, 2.0, 1.0, 3.0, 0.0, 6.0, 0.0, 6.0, 4.0, 5.0, 2.0, 0.0, 2.0, 1.0, 7.0, 2.0, 8.0, 4.0, 0.0, 4.0, 1.0, 4.0, 1.0, 2.0, 2.0, 7.0, 6.0, 2438.0, 3.0, 3.0, 6.0, 3.0, 7.0, 5.0, 8.0, 3.0, 2.0, 4.0, 1.0, 8.0, 3.0, 5.0, 3.0, 2.0, 0.0, 6.0, 0.0, 7.0, 0.0, 1.0, 5.0, 14673.0, 0.0, 0.0]
[7.0, 3.0, 1.0, 1.0, 7.0, 7.0, 7.0, 0.0, 2.0, 5.0, 7.0, 8.0, 6.0, 5.0, 6.0, 5.0, 3.0, 6.0, 0.0, 6.0, 4.0, 3.0, 4.0, 8.0, 4.0, 3.0, 4.0, 4.0, 5.0, 6.0, 4.0, 8.0, 7.0, 1.0, 5.0, 0.0, 3.0, 8.0, 2.0, 1.0, 1.0, 5.0, 3.0, 8.0, 2.0, 5.0, 4.0, 0.0, 8.0, 2.0, 8.0, 4.0, 3.0, 1.0, 3.0, 4.0, 0.0, 7.0, 3.0, 1.0, 3.0, 0.0, 6.0, 8.0, 2.0, 4.0, 3.0, 8.0, 7.0, 5.0, 3.0, 8.0, 5.0, 5.0, 4.0, 5.0, 4.0, 7.0, 1.0, 7.0, 8.0, 1.0, 8.0, 4.0, 1.0, 0.0, 2.0, 7.0, 0.0, 0.0, 0.0, 8.0, 6.0, 4.0, 8.0, 6.0, 5.0, 8.0, 5.0, 1.0, 6.0, 0.0, 6.0, 8.0, 8.0, 2144.0, 5.0, 5.0, 7.0, 7.0, 4.0, 1.0, 7.0, 8.0, 4.0, 2.0, 4.0, 7.0, 3.0, 3.0, 5.0, 1.0, 7.0, 3.0, 5.0, 3.0, 0.0, 6.0, 5199.0, 0.0, 0.0]
[5.0, 5.0, 5.0, 4.0, 5.0, 7.0, 7.0, 4.0, 3.0, 6.0, 7.0, 2.0, 4.0, 3.0, 7.0, 7.0, 7.0, 3.0, 8.0, 3.0, 5.0, 5.0, 5.0, 4.0, 0.0, 1.0, 3.0, 1.0, 5.0, 7.0, 3.0, 4.0, 3.0, 6.0, 2.0, 1.0, 8.0, 4.0, 5.0, 0.0, 5.0, 2.0, 8.0, 4.0, 1.0, 2.0, 7.0, 4.0, 0.0, 1.0, 0.0, 7.0, 2.0, 6.0, 5.0, 2.0, 6.0, 2.0, 2.0, 0.0, 0.0, 1.0, 5.0, 4.0, 4.0, 8.0, 3.0, 7.0, 7.0, 2.0, 4.0, 0.0, 0.0, 7.0, 3.0, 6.0, 6.0, 6.0, 5.0, 8.0, 2.0, 6.0, 4.0, 3.0, 2.0, 6.0, 1.0, 5.0, 1.0, 7.0, 6.0, 3.0, 4.0, 7.0, 1.0, 5.0, 2.0, 7.0, 4.0, 4.0, 5.0, 8.0, 4.0, 0.0, 4.0, 7.0, 1906.0, 4.0, 0.0, 1.0, 8.0, 7.0, 8.0, 1.0, 2.0, 2.0, 1.0, 3.0, 0.0, 3.0, 4.0, 4.0, 6.0, 0.0, 0.0, 7.0, 5.0, 8.0, 17895.0, 0.0, 0.0]
[3.0, 3.0, 6.0, 2.0, 5.0, 4.0, 6.0, 0.0, 5.0, 0.0, 0.0, 8.0, 3.0, 1.0, 0.0, 5.0, 4.0, 0.0, 4.0, 3.0, 5.0, 4.0, 0.0, 2.0, 8.0, 4.0, 2.0, 6.0, 6.0, 1.0, 8.0, 0.0, 6.0, 4.0, 8.0, 7.0, 4.0, 7.0, 4.0, 7.0, 0.0, 2.0, 6.0, 7.0, 0.0, 2.0, 1.0, 4.0, 4.0, 6.0, 2.0, 7.0, 8.0, 5.0, 0.0, 6.0, 0.0, 4.0, 6.0, 5.0, 8.0, 1.0, 3.0, 2.0, 4.0, 4.0, 2.0, 7.0, 2.0, 3.0, 4.0, 6.0, 0.0, 7.0, 4.0, 3.0, 7.0, 2.0, 8.0, 4.0, 1.0, 8.0, 2.0, 8.0, 0.0, 1.0, 6.0, 2.0, 7.0, 4.0, 8.0, 0.0, 6.0, 3.0, 7.0, 8.0, 5.0, 2.0, 5.0, 0.0, 0.0, 7.0, 2.0, 2.0, 0.0, 5.0, 8.0, 1493.0, 0.0, 8.0, 8.0, 5.0, 0.0, 3.0, 5.0, 3.0, 6.0, 0.0, 7.0, 6.0, 3.0, 6.0, 2.0, 4.0, 8.0, 1.0, 8.0, 3.0, 13315.0, 0.0, 0.0]
[5.0, 6.0, 5.0, 0.0, 1.0, 8.0, 5.0, 6.0, 8.0, 4.0, 2.0, 2.0, 0.0, 3.0, 2.0, 8.0, 6.0, 6.0, 2.0, 5.0, 2.0, 5.0, 1.0, 3.0, 5.0, 7.0, 6.0, 3.0, 6.0, 3.0, 2.0, 7.0, 1.0, 6.0, 5.0, 8.0, 3.0, 4.0, 4.0, 7.0, 2.0, 1.0, 0.0, 8.0, 4.0, 3.0, 0.0, 5.0, 7.0, 1.0, 1.0, 6.0, 1.0, 8.0, 7.0, 1.0, 6.0, 0.0, 0.0, 4.0, 5.0, 3.0, 7.0, 5.0, 8.0, 3.0, 4.0, 3.0, 0.0, 4.0, 4.0, 6.0, 3.0, 2.0, 4.0, 2.0, 7.0, 0.0, 7.0, 8.0, 5.0, 2.0, 2.0, 1.0, 5.0, 8.0, 0.0, 1.0, 8.0, 5.0, 7.0, 8.0, 2.0, 6.0, 7.0, 5.0, 6.0, 0.0, 5.0, 5.0, 1.0, 0.0, 4.0, 0.0, 6.0, 4.0, 1.0, 7.0, 1543.0, 6.0, 3.0, 2.0, 3.0, 7.0, 1.0, 8.0, 0.0, 7.0, 8.0, 2.0, 6.0, 1.0, 8.0, 1.0, 1.0, 3.0, 0.0, 4.0, 13585.0, 0.0, 0.0]
[7.0, 3.0, 2.0, 3.0, 5.0, 0.0, 8.0, 5.0, 5.0, 5.0, 5.0, 0.0, 4.0, 3.0, 0.0, 7.0, 7.0, 8.0, 0.0, 4.0, 3.0, 7.0, 6.0, 8.0, 7.0, 4.0, 7.0, 0.0, 6.0, 0.0, 3.0, 4.0, 4.0, 1.0, 1.0, 1.0, 2.0, 0.0, 2.0, 6.0, 4.0, 8.0, 1.0, 2.0, 0.0, 0.0, 3.0, 7.0, 4.0, 0.0, 2.0, 6.0, 1.0, 3.0, 5.0, 4.0, 0.0, 2.0, 1.0, 6.0, 6.0, 8.0, 3.0, 7.0, 3.0, 2.0, 1.0, 2.0, 7.0, 3.0, 5.0, 3.0, 7.0, 2.0, 2.0, 5.0, 1.0, 8.0, 2.0, 6.0, 4.0, 1.0, 2.0, 3.0, 5.0, 0.0, 1.0, 7.0, 4.0, 5.0, 6.0, 0.0, 1.0, 5.0, 5.0, 6.0, 2.0, 6.0, 5.0, 3.0, 7.0, 7.0, 6.0, 1.0, 7.0, 7.0, 2.0, 2.0, 0.0, 1933.0, 7.0, 4.0, 5.0, 2.0, 3.0, 6.0, 8.0, 2.0, 7.0, 0.0, 8.0, 5.0, 7.0, 2.0, 6.0, 8.0, 8.0, 1.0, 19914.0, 0.0, 0.0]
[6.0, 2.0, 1.0, 6.0, 7.0, 8.0, 8.0, 6.0, 0.0, 6.0, 6.0, 3.0, 6.0, 2.0, 3.0, 1.0, 5.0, 1.0, 1.0, 3.0, 5.0, 5.0, 1.0, 6.0, 8.0, 6.0, 3.0, 0.0, 8.0, 8.0, 4.0, 8.0, 0.0, 6.0, 6.0, 3.0, 8.0, 8.0, 4.0, 0.0, 0.0, 1.0, 4.0, 1.0, 5.0, 7.0, 4.0, 3.0, 6.0, 2.0, 5.0, 6.0, 2.0, 6.0, 7.0, 0.0, 1.0, 8.0, 0.0, 4.0, 1.0, 6.0, 5.0, 0.0, 2.0, 6.0, 4.0, 6.0, 7.0, 4.0, 6.0, 7.0, 6.0, 0.0, 5.0, 6.0, 6.0, 5.0, 1.0, 0.0, 3.0, 1.0, 1.0, 3.0, 1.0, 7.0, 2.0, 1.0, 5.0, 0.0, 5.0, 2.0, 0.0, 5.0, 3.0, 6.0, 5.0, 7.0, 0.0, 2.0, 8.0, 2.0, 3.0, 3.0, 6.0, 8.0, 8.0, 8.0, 7.0, 3.0, 2054.0, 1.0, 4.0, 4.0, 1.0, 3.0, 1.0, 3.0, 6.0, 4.0, 4.0, 3.0, 6.0, 5.0, 5.0, 3.0, 7.0, 3.0, 10931.0, 0.0, 0.0]
[0.0, 5.0, 5.0, 7.0, 6.0, 1.0, 3.0, 7.0, 3.0, 4.0, 8.0, 1.0, 5.0, 6.0, 2.0, 6.0, 5.0, 4.0, 3.0, 1.0, 8.0, 4.0, 2.0, 8.0, 4.0, 2.0, 1.0, 6.0, 1.0, 1.0, 7.0, 1.0, 3.0, 2.0, 3.0, 1.0, 5.0, 6.0, 1.0, 4.0, 3.0, 6.0, 1.0, 5.0, 2.0, 4.0, 3.0, 2.0, 5.0, 2.0, 3.0, 6.0, 3.0, 2.0, 3.0, 7.0, 3.0, 5.0, 4.0, 3.0, 3.0, 8.0, 6.0, 0.0, 0.0, 2.0, 0.0, 3.0, 7.0, 6.0, 4.0, 8.0, 5.0, 8.0, 6.0, 2.0, 5.0, 8.0, 5.0, 8.0, 7.0, 0.0, 6.0, 0.0, 8.0, 5.0, 7.0, 8.0, 5.0, 6.0, 4.0, 7.0, 3.0, 2.0, 4.0, 6.0, 0.0, 2.0, 4.0, 3.0, 4.0, 1.0, 6.0, 1.0, 5.0, 6.0, 4.0, 1.0, 1.0, 5.0, 7.0, 2177.0, 5.0, 3.0, 3.0, 0.0, 8.0, 7.0, 1.0, 1.0, 7.0, 8.0, 3.0, 4.0, 6.0, 1.0, 6.0, 7.0, 20211.0, 0.0, 0.0]
[4.0, 4.0, 8.0, 1.0, 4.0, 3.0, 2.0, 4.0, 2.0, 8.0, 1.0, 5.0, 8.0, 5.0, 8.0, 7.0, 3.0, 5.0, 1.0, 2.0, 3.0, 4.0, 7.0, 5.0, 2.0, 1.0, 4.0, 0.0, 7.0, 8.0, 3.0, 5.0, 3.0, 1.0, 1.0, 2.0, 5.0, 2.0, 2.0, 8.0, 7.0, 8.0, 7.0, 7.0, 7.0, 3.0, 2.0, 1.0, 3.0, 4.0, 6.0, 7.0, 0.0, 7.0, 8.0, 6.0, 4.0, 1.0, 6.0, 4.0, 4.0, 5.0, 0.0, 5.0, 8.0, 4.0, 6.0, 4.0, 3.0, 2.0, 3.0, 1.0, 3.0, 1.0, 5.0, 5.0, 1.0, 3.0, 3.0, 3.0, 2.0, 5.0, 1.0, 5.0, 0.0, 2.0, 1.0, 2.0, 5.0, 1.0, 6.0, 5.0, 6.0, 0.0, 2.0, 1.0, 0.0, 8.0, 6.0, 2.0, 2.0, 2.0, 3.0, 3.0, 8.0, 0.0, 7.0, 5.0, 6.0, 7.0, 3.0, 4.0, 2032.0, 3.0, 5.0, 1.0, 2.0, 4.0, 7.0, 8.0, 8.0, 0.0, 0.0, 0.0, 4.0, 7.0, 7.0, 4.0, 10847.0, 0.0, 0.0]
[4.0, 0.0, 2.0, 4.0, 2.0, 6.0, 1.0, 4.0, 8.0, 0.0, 3.0, 3.0, 6.0, 0.0, 1.0, 8.0, 3.0, 0.0, 2.0, 3.0, 4.0, 3.0, 5.0, 4.0, 2.0, 1.0, 2.0, 1.0, 3.0, 8.0, 2.0, 4.0, 6.0, 6.0, 2.0, 8.0, 8.0, 4.0, 8.0, 6.0, 6.0, 7.0, 7.0, 3.0, 0.0, 7.0, 1.0, 2.0, 4.0, 2.0, 4.0, 2.0, 2.0, 6.0, 4.0, 2.0, 1.0, 0.0, 4.0, 6.0, 4.0, 7.0, 8.0, 6.0, 7.0, 7.0, 0.0, 4.0, 0.0, 1.0, 8.0, 1.0, 3.0, 4.0, 7.0, 1.0, 2.0, 6.0, 5.0, 1.0, 0.0, 3.0, 7.0, 8.0, 0.0, 3.0, 3.0, 2.0, 5.0, 7.0, 1.0, 4.0, 2.0, 7.0, 3.0, 3.0, 4.0, 1.0, 7.0, 4.0, 7.0, 4.0, 5.0, 0.0, 4.0, 6.0, 4.0, 0.0, 0.0, 1.0, 4.0, 8.0, 3.0, 2153.0, 2.0, 0.0, 1.0, 5.0, 4.0, 4.0, 0.0, 7.0, 1.0, 4.0, 7.0, 0.0, 0.0, 3.0, 21742.0, 0.0, 0.0]
[2.0, 0.0, 2.0, 2.0, 1.0, 4.0, 4.0, 5.0, 3.0, 0.0, 5.0, 8.0, 1.0, 4.0, 7.0, 1.0, 0.0, 2.0, 1.0, 3.0, 7.0, 1.0, 4.0, 7.0, 0.0, 5.0, 0.0, 8.0, 7.0, 0.0, 4.0, 6.0, 5.0, 1.0, 5.0, 3.0, 8.0, 2.0, 0.0, 6.0, 5.0, 8.0, 7.0, 8.0, 1.0, 8.0, 5.0, 7.0, 1.0, 5.0, 8.0, 4.0, 6.0, 3.0, 1.0, 4.0, 8.0, 8.0, 3.0, 0.0, 5.0, 6.0, 7.0, 0.0, 7.0, 2.0, 1.0, 5.0, 1.0, 8.0, 3.0, 2.0, 3.0, 8.0, 8.0, 6.0, 7.0, 7.0, 5.0, 8.0, 5.0, 3.0, 3.0, 3.0, 3.0, 0.0, 7.0, 0.0, 5.0, 7.0, 4.0, 0.0, 5.0, 3.0, 0.0, 3.0, 3.0, 2.0, 0.0, 3.0, 6.0, 1.0, 1.0, 5.0, 0.0, 8.0, 4.0, 2.0, 5.0, 4.0, 3.0, 4.0, 2.0, 1.0, 1881.0, 6.0, 8.0, 8.0, 8.0, 2.0, 7.0, 5.0, 0.0, 2.0, 0.0, 3.0, 3.0, 7.0, 10364.0, 0.0, 0.0]
[4.0, 5.0, 7.0, 0.0, 2.0, 3.0, 6.0, 3.0, 8.0, 7.0, 0.0, 0.0, 6.0, 4.0, 2.0, 5.0, 6.0, 8.0, 7.0, 0.0, 7.0, 2.0, 1.0, 7.0, 3.0, 6.0, 5.0, 7.0, 4.0, 7.0, 3.0, 7.0, 6.0, 8.0, 5.0, 4.0, 4.0, 4.0, 2.0, 1.0, 4.0, 1.0, 8.0, 2.0, 3.0, 3.0, 0.0, 0.0, 5.0, 4.0, 0.0, 0.0, 5.0, 4.0, 8.0, 1.0, 2.0, 1.0, 8.0, 0.0, 6.0, 5.0, 6.0, 7.0, 1.0, 0.0, 7.0, 7.0, 0.0, 6.0, 3.0, 1.0, 8.0, 5.0, 4.0, 0.0, 7.0, 7.0, 3.0, 1.0, 1.0, 0.0, 5.0, 1.0, 7.0, 6.0, 2.0, 2.0, 5.0, 0.0, 2.0, 3.0, 8.0, 3.0, 7.0, 3.0, 5.0, 5.0, 4.0, 5.0, 4.0, 7.0, 5.0, 4.0, 1.0, 5.0, 2.0, 6.0, 1.0, 3.0, 6.0, 8.0, 5.0, 8.0, 0.0, 1905.0, 1.0, 8.0, 3.0, 4.0, 8.0, 8.0, 5.0, 0.0, 2.0, 7.0, 4.0, 4.0, 19955.0, 0.0, 0.0]
[2.0, 1.0, 8.0, 5.0, 8.0, 3.0, 4.0, 0.0, 4.0, 2.0, 5.0, 2.0, 1.0, 5.0, 3.0, 0.0, 2.0, 8.0, 1.0, 3.0, 4.0, 4.0, 1.0, 5.0, 6.0, 6.0, 0.0, 1.0, 7.0, 3.0, 5.0, 1.0, 6.0, 2.0, 0.0, 3.0, 7.0, 3.0, 5.0, 4.0, 1.0, 5.0, 2.0, 6.0, 6.0, 3.0, 6.0, 2.0, 5.0, 6.0, 7.0, 8.0, 4.0, 6.0, 4.0, 5.0, 6.0, 6.0, 8.0, 0.0, 8.0, 4.0, 0.0, 8.0, 8.0, 1.0, 3.0, 8.0, 1.0, 3.0, 4.0, 6.0, 5.0, 5.0, 7.0, 7.0, 6.0, 6.0, 2.0, 6.0, 2.0, 7.0, 7.0, 4.0, 2.0, 5.0, 2.0, 1.0, 8.0, 5.0, 7.0, 2.0, 1.0, 8.0, 8.0, 1.0, 0.0, 1.0, 4.0, 6.0, 2.0, 3.0, 7.0, 0.0, 4.0, 6.0, 4.0, 2.0, 3.0, 0.0, 8.0, 0.0, 1.0, 8.0, 7.0, 0.0, 1312.0, 8.0, 5.0, 6.0, 1.0, 8.0, 4.0, 6.0, 1.0, 5.0, 4.0, 6.0, 12045.0, 0.0, 0.0]
[1.0, 1.0, 1.0, 4.0, 8.0, 2.0, 8.0, 4.0, 4.0, 6.0, 3.0, 8.0, 4.0, 5.0, 5.0, 1.0, 1.0, 3.0, 7.0, 3.0, 8.0, 5.0, 0.0, 5.0, 8.0, 3.0, 6.0, 1.0, 8.0, 3.0, 8.0, 0.0, 8.0, 4.0, 8.0, 4.0, 0.0, 5.0, 1.0, 3.0, 8.0, 2.0, 5.0, 6.0, 6.0, 2.0, 3.0, 8.0, 2.0, 1.0, 2.0, 6.0, 2.0, 8.0, 4.0, 2.0, 5.0, 6.0, 4.0, 0.0, 3.0, 8.0, 7.0, 1.0, 8.0, 3.0, 4.0, 6.0, 4.0, 3.0, 3.0, 3.0, 1.0, 5.0, 0.0, 7.0, 1.0, 1.0, 2.0, 5.0, 7.0, 5.0, 0.0, 2.0, 0.0, 8.0, 6.0, 0.0, 4.0, 5.0, 5.0, 5.0, 8.0, 3.0, 8.0, 4.0, 2.0, 3.0, 0.0, 6.0, 3.0, 4.0, 3.0, 4.0, 7.0, 6.0, 7.0, 1.0, 4.0, 4.0, 8.0, 7.0, 6.0, 6.0, 1.0, 6.0, 0.0, 2295.0, 5.0, 0.0, 5.0, 8.0, 6.0, 7.0, 7.0, 3.0, 1.0, 2.0, 21204.0, 0.0, 0.0]
[2.0, 6.0, 1.0, 7.0, 8.0, 2.0, 0.0, 6.0, 2.0, 0.0, 3.0, 5.0, 3.0, 0.0, 0.0, 7.0, 2.0, 3.0, 4.0, 4.0, 6.0, 4.0, 8.0, 8.0, 1.0, 7.0, 6.0, 2.0, 2.0, 4.0, 6.0, 4.0, 1.0, 2.0, 2.0, 8.0, 7.0, 3.0, 8.0, 5.0, 4.0, 3.0, 7.0, 7.0, 3.0, 8.0, 3.0, 5.0, 5.0, 5.0, 7.0, 1.0, 0.0, 4.0, 3.0, 8.0, 3.0, 6.0, 7.0, 1.0, 0.0, 1.0, 1.0, 0.0, 6.0, 8.0, 8.0, 0.0, 5.0, 7.0, 7.0, 2.0, 0.0, 8.0, 6.0, 1.0, 7.0, 1.0, 3.0, 1.0, 3.0, 5.0, 5.0, 6.0, 7.0, 7.0, 4.0, 2.0, 4.0, 5.0, 7.0, 8.0, 1.0, 8.0, 0.0, 0.0, 4.0, 8.0, 2.0, 1.0, 5.0, 1.0, 1.0, 4.0, 4.0, 7.0, 3.0, 5.0, 8.0, 7.0, 4.0, 0.0, 6.0, 0.0, 0.0, 1.0, 1.0, 8.0, 2110.0, 1.0, 6.0, 0.0, 8.0, 6.0, 4.0, 6.0, 0.0, 8.0, 21792.0, 0.0, 0.0]
[8.0, 0.0, 6.0, 2.0, 6.0, 5.0, 1.0, 8.0, 4.0, 3.0, 1.0, 3.0, 5.0, 8.0, 6.0, 3.0, 3.0, 2.0, 1.0, 1.0, 6.0, 1.0, 1.0, 2.0, 3.0, 0.0, 1.0, 4.0, 0.0, 6.0, 5.0, 5.0, 2.0, 5.0, 5.0, 5.0, 7.0, 3.0, 7.0, 0.0, 8.0, 2.0, 4.0, 5.0, 2.0, 3.0, 2.0, 3.0, 4.0, 7.0, 7.0, 8.0, 3.0, 2.0, 5.0, 8.0, 8.0, 8.0, 7.0, 2.0, 7.0, 1.0, 2.0, 1.0, 3.0, 1.0, 8.0, 7.0, 2.0, 0.0, 1.0, 8.0, 1.0, 6.0, 2.0, 5.0, 1.0, 8.0, 0.0, 4.0, 4.0, 7.0, 3.0, 7.0, 7.0, 5.0, 7.0, 6.0, 2.0, 3.0, 2.0, 0.0, 3.0, 8.0, 7.0, 6.0, 0.0, 5.0, 6.0, 6.0, 6.0, 7.0, 2.0, 1.0, 0.0, 4.0, 4.0, 4.0, 2.0, 3.0, 0.0, 4.0, 4.0, 0.0, 6.0, 8.0, 0.0, 5.0, 1.0, 2248.0, 5.0, 4.0, 6.0, 1.0, 4.0, 8.0, 1.0, 6.0, 13990.0, 0.0, 0.0]
[7.0, 7.0, 2.0, 0.0, 8.0, 1.0, 5.0, 2.0, 6.0, 8.0, 6.0, 3.0, 6.0, 3.0, 7.0, 4.0, 6.0, 4.0, 1.0, 5.0, 8.0, 2.0, 8.0, 8.0, 1.0, 6.0, 8.0, 8.0, 1.0, 0.0, 2.0, 5.0, 3.0, 6.0, 2.0, 7.0, 1.0, 0.0, 7.0, 5.0, 4.0, 0.0, 2.0, 6.0, 4.0, 2.0, 3.0, 8.0, 4.0, 7.0, 0.0, 8.0, 2.0, 1.0, 6.0, 2.0, 4.0, 6.0, 0.0, 8.0, 1.0, 6.0, 6.0, 1.0, 1.0, 0.0, 0.0, 2.0, 2.0, 5.0, 5.0, 2.0, 0.0, 5.0, 7.0, 5.0, 8.0, 8.0, 2.0, 6.0, 5.0, 5.0, 6.0, 7.0, 5.0, 6.0, 5.0, 2.0, 1.0, 7.0, 7.0, 1.0, 6.0, 1.0, 1.0, 2.0, 8.0, 1.0, 5.0, 3.0, 0.0, 6.0, 8.0, 5.0, 0.0, 0.0, 3.0, 3.0, 4.0, 7.0, 3.0, 2.0, 5.0, 3.0, 3.0, 2.0, 5.0, 2.0, 4.0, 4.0, 2458.0, 6.0, 4.0, 6.0, 1.0, 0.0, 6.0, 8.0, 15028.0, 0.0, 0.0]
[0.0, 5.0, 4.0, 8.0, 0.0, 6.0, 6.0, 4.0, 8.0, 8.0, 8.0, 4.0, 8.0, 6.0, 7.0, 7.0, 5.0, 8.0, 4.0, 8.0, 2.0, 7.0, 8.0, 3.0, 1.0, 7.0, 2.0, 7.0, 7.0, 8.0, 7.0, 5.0, 2.0, 7.0, 4.0, 3.0, 5.0, 2.0, 0.0, 3.0, 3.0, 6.0, 3.0, 8.0, 4.0, 7.0, 1.0, 5.0, 2.0, 3.0, 6.0, 8.0, 6.0, 8.0, 8.0, 3.0, 8.0, 2.0, 4.0, 7.0, 1.0, 8.0, 1.0, 1.0, 1.0, 0.0, 7.0, 3.0, 4.0, 3.0, 3.0, 4.0, 1.0, 1.0, 7.0, 2.0, 3.0, 4.0, 3.0, 1.0, 1.0, 3.0, 4.0, 0.0, 3.0, 4.0, 0.0, 2.0, 0.0, 7.0, 8.0, 6.0, 0.0, 4.0, 0.0, 7.0, 6.0, 8.0, 0.0, 0.0, 3.0, 6.0, 3.0, 8.0, 0.0, 8.0, 6.0, 3.0, 5.0, 5.0, 4.0, 6.0, 6.0, 4.0, 3.0, 0.0, 0.0, 3.0, 3.0, 5.0, 3.0, 1638.0, 7.0, 6.0, 4.0, 0.0, 1.0, 0.0, 7692.0, 0.0, 0.0]
[3.0, 6.0, 8.0, 2.0, 8.0, 1.0, 0.0, 4.0, 0.0, 2.0, 1.0, 5.0, 8.0, 8.0, 4.0, 7.0, 8.0, 8.0, 2.0, 8.0, 5.0, 5.0, 8.0, 2.0, 4.0, 2.0, 8.0, 7.0, 0.0, 6.0, 2.0, 8.0, 2.0, 1.0, 0.0, 5.0, 6.0, 6.0, 2.0, 0.0, 2.0, 6.0, 7.0, 0.0, 8.0, 6.0, 3.0, 7.0, 7.0, 7.0, 0.0, 2.0, 6.0, 7.0, 5.0, 6.0, 8.0, 3.0, 4.0, 2.0, 7.0, 2.0, 4.0, 4.0, 6.0, 4.0, 6.0, 0.0, 4.0, 8.0, 6.0, 4.0, 1.0, 2.0, 6.0, 5.0, 4.0, 5.0, 7.0, 4.0, 2.0, 0.0, 1.0, 6.0, 8.0, 1.0, 7.0, 2.0, 0.0, 8.0, 5.0, 7.0, 4.0, 7.0, 1.0, 2.0, 4.0, 0.0, 2.0, 0.0, 6.0, 5.0, 8.0, 5.0, 0.0, 3.0, 7.0, 1.0, 2.0, 4.0, 2.0, 0.0, 0.0, 7.0, 8.0, 8.0, 1.0, 7.0, 2.0, 2.0, 5.0, 1.0, 2277.0, 1.0, 3.0, 8.0, 1.0, 1.0, 16536.0, 0.0, 0.0]
[3.0, 3.0, 4.0, 4.0, 8.0, 2.0, 6.0, 1.0, 7.0, 5.0, 0.0, 6.0, 7.0, 4.0, 3.0, 4.0, 0.0, 3.0, 8.0, 1.0, 0.0, 3.0, 1.0, 0.0, 8.0, 4.0, 7.0, 7.0, 4.0, 0.0, 3.0, 8.0, 0.0, 5.0, 5.0, 8.0, 3.0, 2.0, 3.0, 0.0, 3.0, 5.0, 1.0, 2.0, 2.0, 1.0, 7.0, 8.0, 0.0, 4.0, 8.0, 7.0, 5.0, 3.0, 7.0, 4.0, 4.0, 8.0, 7.0, 8.0, 5.0, 7.0, 8.0, 4.0, 0.0, 2.0, 1.0, 4.0, 6.0, 8.0, 7.0, 3.0, 2.0, 8.0, 0.0, 6.0, 7.0, 4.0, 6.0, 2.0, 2.0, 5.0, 3.0, 2.0, 8.0, 3.0, 4.0, 4.0, 5.0, 7.0, 6.0, 2.0, 6.0, 5.0, 5.0, 3.0, 8.0, 1.0, 2.0, 1.0, 8.0, 0.0, 2.0, 6.0, 7.0, 4.0, 7.0, 3.0, 7.0, 4.0, 7.0, 2.0, 8.0, 8.0, 2.0, 1.0, 0.0, 4.0, 3.0, 2.0, 2.0, 5.0, 2.0, 2074.0, 0.0, 8.0, 3.0, 8.0, 13299.0, 0.0, 0.0]
[5.0, 7.0, 6.0, 5.0, 3.0, 8.0, 7.0, 2.0, 3.0, 0.0, 0.0, 0.0, 1.0, 7.0, 3.0, 3.0, 3.0, 0.0, 0.0, 0.0, 8.0, 0.0, 4.0, 8.0, 0.0, 2.0, 6.0, 2.0, 5.0, 3.0, 3.0, 2.0, 4.0, 5.0, 7.0, 1.0, 8.0, 8.0, 8.0, 1.0, 4.0, 1.0, 2.0, 1.0, 6.0, 0.0, 2.0, 8.0, 4.0, 6.0, 3.0, 5.0, 2.0, 0.0, 6.0, 6.0, 7.0, 6.0, 4.0, 3.0, 7.0, 0.0, 0.0, 3.0, 1.0, 6.0, 1.0, 8.0, 6.0, 5.0, 1.0, 3.0, 7.0, 5.0, 1.0, 2.0, 7.0, 1.0, 0.0, 3.0, 4.0, 2.0, 1.0, 6.0, 5.0, 4.0, 4.0, 4.0, 3.0, 8.0, 3.0, 0.0, 8.0, 8.0, 8.0, 0.0, 6.0, 3.0, 4.0, 3.0, 5.0, 4.0, 0.0, 4.0, 2.0, 8.0, 2.0, 2.0, 0.0, 1.0, 3.0, 3.0, 7.0, 4.0, 0.0, 1.0, 8.0, 3.0, 7.0, 1.0, 2.0, 6.0, 6.0, 4.0, 1566.0, 0.0, 5.0, 1.0, 4239.0, 0.0, 0.0]
[5.0, 8.0, 2.0, 2.0, 4.0, 2.0, 5.0, 1.0, 8.0, 7.0, 2.0, 8.0, 2.0, 4.0, 0.0, 7.0, 0.0, 1.0, 3.0, 2.0, 8.0, 1.0, 5.0, 4.0, 5.0, 8.0, 3.0, 0.0, 2.0, 6.0, 7.0, 5.0, 5.0, 0.0, 3.0, 3.0, 0.0, 7.0, 6.0, 8.0, 1.0, 0.0, 3.0, 2.0, 0.0, 7.0, 8.0, 5.0, 6.0, 3.0, 0.0, 7.0, 5.0, 5.0, 5.0, 3.0, 0.0, 4.0, 4.0, 3.0, 1.0, 4.0, 6.0, 0.0, 8.0, 7.0, 0.0, 0.0, 0.0, 4.0, 6.0, 5.0, 6.0, 0.0, 7.0, 3.0, 5.0, 4.0, 3.0, 5.0, 1.0, 0.0, 5.0, 1.0, 1.0, 0.0, 2.0, 8.0, 3.0, 7.0, 2.0, 0.0, 5.0, 0.0, 6.0, 6.0, 4.0, 0.0, 4.0, 6.0, 2.0, 1.0, 8.0, 2.0, 1.0, 0.0, 5.0, 8.0, 5.0, 1.0, 1.0, 8.0, 5.0, 5.0, 3.0, 3.0, 8.0, 6.0, 0.0, 7.0, 3.0, 8.0, 5.0, 4.0, 3.0, 1951.0, 1.0, 6.0, 10500.0, 0.0, 0.0]
[7.0, 0.0, 3.0, 1.0, 4.0, 2.0, 8.0, 8.0, 0.0, 6.0, 6.0, 4.0, 2.0, 6.0, 8.0, 2.0, 7.0, 6.0, 3.0, 3.0, 7.0, 5.0, 8.0, 2.0, 5.0, 3.0, 0.0, 6.0, 6.0, 1.0, 0.0, 4.0, 6.0, 2.0, 2.0, 8.0, 8.0, 5.0, 1.0, 2.0, 3.0, 3.0, 5.0, 2.0, 3.0, 5.0, 6.0, 7.0, 8.0, 5.0, 7.0, 8.0, 7.0, 6.0, 5.0, 4.0, 5.0, 4.0, 7.0, 0.0, 3.0, 3.0, 0.0, 0.0, 4.0, 2.0, 7.0, 7.0, 8.0, 5.0, 8.0, 5.0, 5.0, 0.0, 7.0, 0.0, 1.0, 3.0, 4.0, 4.0, 6.0, 7.0, 8.0, 6.0, 3.0, 4.0, 4.0, 7.0, 1.0, 8.0, 5.0, 0.0, 1.0, 4.0, 0.0, 0.0, 6.0, 1.0, 7.0, 4.0, 7.0, 4.0, 8.0, 2.0, 7.0, 1.0, 6.0, 8.0, 1.0, 0.0, 5.0, 0.0, 7.0, 5.0, 7.0, 1.0, 8.0, 4.0, 5.0, 0.0, 1.0, 6.0, 0.0, 1.0, 5.0, 0.0, 2309.0, 6.0, 14446.0, 0.0, 0.0]
[6.0, 0.0, 6.0, 3.0, 8.0, 2.0, 4.0, 6.0, 8.0, 8.0, 0.0, 6.0, 0.0, 3.0, 2.0, 7.0, 2.0, 2.0, 6.0, 0.0, 5.0, 5.0, 4.0, 6.0, 0.0, 5.0, 0.0, 5.0, 2.0, 1.0, 5.0, 7.0, 2.0, 5.0, 2.0, 1.0, 7.0, 3.0, 0.0, 3.0, 2.0, 3.0, 7.0, 0.0, 1.0, 5.0, 1.0, 5.0, 3.0, 6.0, 6.0, 2.0, 7.0, 4.0, 7.0, 6.0, 0.0, 7.0, 8.0, 4.0, 3.0, 5.0, 6.0, 8.0, 3.0, 0.0, 2.0, 3.0, 1.0, 7.0, 6.0, 6.0, 2.0, 5.0, 4.0, 6.0, 2.0, 1.0, 6.0, 7.0, 4.0, 1.0, 4.0, 6.0, 2.0, 1.0, 2.0, 3.0, 5.0, 1.0, 5.0, 7.0, 8.0, 4.0, 3.0, 4.0, 6.0, 5.0, 4.0, 1.0, 6.0, 4.0, 5.0, 5.0, 7.0, 8.0, 1.0, 5.0, 7.0, 3.0, 7.0, 0.0, 0.0, 1.0, 7.0, 1.0, 7.0, 8.0, 4.0, 2.0, 2.0, 1.0, 0.0, 2.0, 4.0, 0.0, 8.0, 2383.0, 19333.0, 0.0, 0.0]
